-9.31849294786 -0.106463833883 6.61614859403 87 92 88 
-12.3082643483 -1.23690822473 9.15603308055 233 228 226 
-9.44679405464 0.443543214969 10.439643202 173 167 167 
-10.7623582191 0.621792751737 6.33189000069 67 70 78 
-11.4261116441 0.655155241703 6.78849193485 67 70 78 
-10.9317227697 0.239932551192 5.88010401555 219 217 210 
-10.7872484977 -0.52808095906 7.0949457684 94 97 99 
-11.8334394605 -2.36514672958 7.36127075316 118 121 127 
-6.36596013077 0.515689977562 2.15545961863 125 116 86 
-10.140231769 0.65778476884 6.57819541497 212 208 203 
-6.87574457083 0.31143728717 2.57035002935 155 146 133 
-11.5850334232 -1.67855791807 6.30566549697 101 106 113 
-10.9192029326 0.0405951891015 7.09079113578 65 68 74 
-4.38201909846 0.528984638886 18.5541891309 135 137 148 
-6.55062068224 0.537582369947 2.60142773667 123 113 84 
-6.65500649598 0.548554706368 2.65271189847 123 113 84 
-10.5642166662 0.278571263124 6.94812416856 200 197 194 
-6.47260024076 0.444676598715 2.41235151149 147 138 108 
-11.7193327961 -2.19088898403 6.43666736479 97 106 114 
-9.36229904454 0.715842143933 10.4172695135 150 143 142 
-11.8745797296 -2.08332281721 8.72254614206 137 141 147 
-10.827037395 -1.36260370509 8.58769113028 224 222 223 
-11.2123590169 -2.15200468064 7.82611357653 86 96 102 
-10.066667081 0.654159562865 7.26709181174 175 163 146 
-5.12238484053 0.688102576802 1.82154235061 96 95 101 
-11.3347479757 0.16519961128 6.71754064706 229 228 235 
-11.3051805929 0.236849556677 6.47466567385 127 123 125 
-11.4113465472 0.033126332573 6.94473258369 86 94 101 
-11.4113465472 0.033126332573 6.94473258369 86 94 101 
-11.2802134906 0.090259715575 5.35907796706 80 79 77 
-4.99891896068 0.842898793227 4.97115842099 149 139 112 
-10.4395196494 0.317451210712 7.13998767119 209 204 199 
-5.25819376049 0.792969339588 4.80740682744 209 199 173 
-10.2880078161 0.452998446923 6.98916856772 91 83 81 
-11.5033153639 -0.497926292286 7.05635633544 69 76 83 
-6.39122794277 0.620845621148 2.83264203938 136 124 98 
-5.35170296688 0.802792577561 4.68198100682 214 204 179 
-10.4078891546 0.262597707645 7.37250281438 59 60 58 
-7.55105685766 -2.9964421233 13.8214714149 198 196 199 
-5.47462881757 0.624400980969 1.35838217619 93 91 101 
-5.21218594532 0.666312912393 1.90655512725 195 192 195 
-6.97469488526 0.407728034155 3.05057328149 182 172 146 
-8.63879709336 0.758292851258 10.1500740157 190 185 184 
-5.4128448991 0.629094371345 1.42168316191 98 95 102 
-4.25011208049 0.934959670723 4.00345934362 95 90 96 
-5.72479651349 0.774343043211 3.88230511866 159 149 124 
-11.1420748755 -1.58302014633 8.89084709409 99 102 103 
-11.1804847592 0.203080332336 5.14806401168 216 214 214 
-8.77508811405 -2.88287899513 10.3488515895 125 124 129 
-11.8170877647 -2.38061198362 7.13015067385 187 191 197 
-4.88424945843 0.913459343298 5.27632918972 176 166 141 
-7.67651050213 0.144939837863 9.42861172254 59 68 62 
-5.65172670309 0.800615145661 3.69629794038 216 206 182 
-10.8809133751 -1.27238842283 8.68565166696 225 222 220 
-9.80222612525 0.370145785449 7.10882040912 193 189 190 
-9.80222612525 0.370145785449 7.10882040912 193 189 190 
-10.8406357608 -1.17064092883 8.60988521179 98 95 93 
-5.53481872173 0.68644751446 5.02314039529 215 205 173 
-4.73040467901 0.91424304441 4.89771194884 217 207 180 
-9.51646177411 0.401961557135 7.58250670921 191 186 180 
-9.7026636918 0.615527598169 10.6682389366 212 204 203 
-7.49046227843 -1.56385792228 13.641597644 221 219 220 
-11.5933535601 -1.62790829541 6.79510785809 102 106 113 
-10.1280551945 0.21119199853 6.78049156782 70 72 63 
-11.2150759854 -0.0426876565441 5.18534397569 221 219 224 
-4.92451084963 0.850709246056 6.31005812937 213 203 178 
-5.60704085148 0.759563511005 4.69969893683 189 180 152 
-8.70175102056 0.807183317732 10.4684915603 182 180 177 
-9.5131596032 -0.619301020412 6.890818705 234 228 227 
-6.5473989 0.407199924135 2.30438879414 178 169 138 
-10.8247045947 -1.13266330694 8.42775244437 217 214 212 
-4.77881804546 0.932590198875 4.74009303132 151 143 118 
-5.85643751346 0.592129103964 1.67857202469 115 106 96 
-5.83748631775 0.632879035395 2.04407659443 108 97 85 
-5.69253848098 0.724131908882 2.79621405276 106 96 81 
-10.0451957935 0.29586855993 7.28752752764 66 64 64 
-10.4925985429 0.370495441891 7.37094298836 201 197 196 
-10.4925985429 0.370495441891 7.37094298836 201 197 196 
-5.86093598667 0.609911402214 1.83739601731 121 112 98 
-5.87249852137 0.575708829527 1.5554152425 106 97 87 
-5.08139655839 0.81737205752 4.80787844198 152 142 115 
-7.78984221274 -3.16619563925 14.1994297393 181 179 182 
-11.3353083073 0.0944894717094 6.38453839069 218 220 227 
-11.1559266001 0.413807940101 6.10967145144 196 194 187 
-6.05055256088 0.694769565802 3.3656197269 190 179 159 
-11.5241491833 -1.61891478933 7.22268679341 110 112 117 
-4.52178514344 0.980827942121 5.19432658582 124 114 92 
-4.51720637865 0.979127478128 5.18766770177 124 114 92 
-11.2843153748 -1.01908027963 7.19021483828 156 150 150 
-5.42529684369 0.708235271801 5.05765530509 144 134 106 
-5.67842623969 0.719514618355 4.78740928979 152 142 112 
-5.07794084098 0.845397750031 4.95137161016 152 142 115 
-9.91347538917 -0.648865930156 6.95671067661 230 225 223 
-11.1246355781 -1.55437899541 7.28147469773 94 93 98 
-6.00383755903 0.662265859027 4.46607127726 140 129 100 
-5.60884205227 0.755491582107 3.03011966206 112 102 84 
-5.03202712774 0.89019656634 4.28877975518 124 112 97 
-5.03202712774 0.89019656634 4.28877975518 124 112 97 
-10.8679491012 0.440518605782 6.43442318521 170 169 168 
-11.4468893107 -0.634765035102 7.54883561274 129 131 130 
-11.0100213586 0.421502328273 6.29162889432 178 177 172 
-8.72544456941 0.711132524325 10.5003854484 61 61 57 
-11.0562356435 0.416861077574 6.19984715088 193 191 186 
-5.2529017891 0.803101458119 6.36972646843 157 147 122 
-5.08174958673 0.884055936868 4.22193012167 106 94 79 
-7.7193680204 1.03965922685 13.102116364 159 154 154 
-10.9089003062 0.426734350967 6.33293259254 180 179 174 
-7.23980377001 -1.81465804975 13.8594165093 233 231 235 
-11.4154229501 0.318643958412 6.41497367041 219 217 214 
-5.63689112475 0.635108558212 4.99550970753 160 150 117 
-6.45463456048 0.494561996678 2.66877095908 127 115 85 
-11.5240077387 -0.728086619144 7.14054774655 79 76 79 
-11.2117116061 -0.706360435526 7.26714889123 66 66 64 
1.02998052305 0.813549691288 3.81471184053 182 182 174 
-10.7714783422 -1.45346294273 8.66614217914 217 217 218 
-6.41502998022 0.499650129777 4.88980805012 132 120 93 
-9.15131222701 0.623163773407 9.35430368581 117 112 107 
-6.16222592718 0.551478952322 4.88971498388 168 157 130 
-9.52144378989 -0.600866615779 6.93271126616 227 223 219 
-5.47941065148 0.802663917042 3.45068319399 102 94 76 
-11.4080467123 0.00471868569444 7.01440253212 66 67 71 
-11.1407381726 0.132948643894 7.14949008102 78 74 77 
-10.5535263984 0.508075685146 6.54579118587 219 213 212 
-5.70439223837 0.717010437906 2.69470011085 101 91 79 
-9.4614889597 0.413263408444 7.44131255013 197 192 186 
-5.84858739017 0.626537330951 1.92076502694 98 89 78 
-7.12138958967 -0.612505271806 2.7705786485 130 129 132 
-6.38349110721 0.529655574612 2.35958461419 200 190 164 
-11.594399477 -1.68256478964 7.22844313781 201 203 209 
-11.4541539534 -2.35370167816 7.12844406946 203 204 209 
-5.56470830376 0.785577467241 3.25515257648 96 89 72 
-5.83492822186 0.663285434034 1.95359808888 152 148 139 
-9.21572251903 0.611299710193 9.29719548741 123 118 114 
-10.0029974016 0.710055730596 10.9489558425 132 126 123 
-4.15434830959 0.972950255651 5.60458981058 219 209 184 
-5.5243731333 0.788421053811 3.00653342484 171 161 153 
-5.49328863559 0.748255661493 4.73463002832 196 186 158 
-4.6027422351 0.971539637564 5.03779741864 126 118 100 
-4.90921709118 0.832566562134 6.2743320912 212 202 177 
-5.21176484044 0.863692547394 3.99492540571 121 111 86 
0.984728573291 0.806211844802 3.85161819867 91 90 88 
0.804321019602 1.00856573495 3.51101202561 89 90 84 
-5.84170093221 0.681139453208 2.35409120264 104 94 84 
0.916932238325 0.779538966727 3.74189200731 220 219 217 
-9.23055552748 0.653721919743 9.21964840868 165 160 150 
-5.65062795097 0.78114623304 3.69738399003 212 202 176 
-9.43386052665 -0.575773837404 7.35404757933 220 219 215 
-5.88251408369 0.61443045389 1.78855980801 104 94 85 
-5.49707583351 0.803981004149 3.41576323276 110 100 83 
-5.79335405375 0.681135003378 2.37202974503 113 107 95 
-5.17714429727 0.873404288642 4.07870673279 125 115 89 
-9.24717266233 0.312180193385 7.15754092281 71 70 63 
-11.3148827195 0.116838395875 6.83529296676 94 96 103 
-10.5502449123 0.244173771299 7.43196907731 61 62 59 
-5.86200546626 0.602353838079 1.88399815011 127 119 100 
-11.3662143814 0.128138197145 5.68258471202 112 112 111 
-5.55413137173 -3.30258015253 16.7530356688 191 191 201 
-8.87690905248 0.687296612795 10.4638935629 66 63 63 
-4.99794241236 -0.249499962448 11.6974025087 81 80 88 
-10.3846891704 0.349175242601 7.46934672845 88 85 85 
-9.29481407463 -0.56844301744 6.90092140672 222 217 216 
-5.84549913196 0.627465003568 1.66143606956 168 161 156 
-5.82033576542 0.725402636457 4.50953398762 165 155 128 
-10.9097599398 0.465344436408 6.69202784885 169 164 162 
-11.7725297506 -0.567720118156 6.07433348799 62 69 75 
0.629042299002 -0.527577822678 6.1826949158 233 234 238 
-5.00230072228 0.947273407261 4.13502613463 130 121 108 
-6.27827593368 0.559258364084 2.15205295278 123 114 87 
-6.31571441669 0.654103596184 3.53452266995 138 125 112 
-11.4534936331 0.0928739473421 5.76028271272 218 218 219 
-10.5685046479 0.271351813095 7.30078869977 178 178 171 
-10.8545551135 0.458521693554 6.51903171836 165 162 161 
-5.8026637223 0.660887241821 2.31945937588 167 155 140 
-7.35290801594 0.320980042879 6.61646737335 107 101 94 
-9.86697577368 -0.647731273221 6.84012407998 151 146 144 
-9.86697577368 -0.647731273221 6.84012407998 151 146 144 
-10.1239836513 0.189572842668 6.6945584929 198 200 193 
-10.9868338647 0.384159240944 6.04366269762 203 199 193 
-9.95460658345 -0.634061300271 6.87361780276 204 201 198 
-5.23438937932 0.864811243009 3.65366109291 203 195 185 
-10.0266433996 0.134180402085 10.3839119073 113 119 125 
-9.50822132118 -0.616410515669 6.971633327 144 139 138 
-8.77987635066 0.717105566279 10.3920598959 157 155 154 
-11.023693466 0.466736164542 6.57697041676 166 165 165 
-8.76681013069 0.772107593136 10.1774791027 188 181 180 
-11.4441236363 0.0727444533909 6.42638756591 192 196 203 
-6.1553466331 0.651333378478 2.93293953902 188 178 156 
-10.8731061957 0.463661989408 6.60351469332 158 156 154 
-5.82026961549 0.624329653944 1.88129159496 118 110 99 
-5.8346888645 0.624964481199 1.87099278645 111 104 93 
-6.38746351791 0.637259765064 3.51291279646 129 116 103 
-5.85851151971 0.621649383203 1.97757202875 146 136 124 
-9.04654747543 -1.93918054295 10.6724138335 99 107 118 
-10.0754729411 -0.345090217285 10.822977905 80 84 93 
-8.94732760044 -1.35719532067 10.4869680354 100 111 120 
-6.51788025981 0.405194310428 2.58392259149 181 170 140 
-10.8879867019 -1.14545776606 8.82349781089 122 121 119 
-7.43622949193 -2.74930871962 13.7531592351 199 197 198 
-4.91512103233 0.844278013869 5.97053472877 172 162 137 
-9.88692262404 0.28120900068 10.6587284181 79 89 94 
-9.99107558854 0.289068347819 10.7884407961 79 89 94 
-8.22781387749 -0.124892984633 12.3375520123 181 178 187 
-9.13058292431 -1.68079481727 11.2811626101 129 137 148 
-5.52788364661 0.730123382586 2.52050859189 169 164 163 
-5.03740075504 0.754886448107 6.74702708379 199 188 166 
-9.47736679889 -1.7495286861 11.2175920687 134 143 150 
-5.62811441076 0.641979959854 4.91133521762 153 142 110 
-5.40652432291 -2.88905423916 16.8910012589 142 141 154 
-5.14478565706 -0.650872888179 7.55644589425 173 171 174 
-8.854581395 0.73342976142 10.1628077318 136 128 126 
-5.74562330853 0.728442434599 3.70731963779 152 141 119 
-5.70284601821 0.568810593951 5.0547763572 214 204 171 
-4.62775237684 0.248925624388 18.6338056555 151 156 174 
-9.43324488291 -0.919099251424 11.1504305004 229 228 224 
-9.41745907673 -0.917397278359 11.1288101014 229 228 224 
-9.57777906998 0.365457222793 7.16046463775 204 198 198 
-4.49473110012 0.372202604448 18.6601196401 54 57 72 
-9.97627958909 -1.76542480134 12.404576146 131 138 149 
-9.38908852019 -0.528073479423 7.26425030763 90 94 78 
-4.62515228579 0.920156472619 3.65027434341 117 116 121 
-8.02490856897 -0.379657749785 9.72059563033 96 96 86 
-6.39291577161 0.51120106574 1.84709576054 186 176 149 
-8.44672085166 0.637141316932 10.3862903911 62 63 63 
-5.05751536014 0.693393498598 6.92138531998 130 118 96 
-9.51642843895 -0.942079106035 10.8849805768 224 223 219 
-5.30247045606 0.650015387943 10.3971510921 204 202 202 
-8.80149541272 -1.51687812991 11.9920646436 168 176 187 
-6.06055130925 0.698567621815 2.77611371503 201 192 171 
-9.70498334752 -1.16467635516 10.6471775486 207 206 205 
-7.84295911056 0.707295738643 10.759717641 159 156 154 
-10.1423439408 0.209492014232 6.79058005121 67 68 61 
-9.41298287059 -2.08415792605 11.1856404342 138 146 157 
-9.27049256494 -0.43485506774 7.23240161487 118 124 132 
-5.73028304482 0.735706734069 2.41464811431 164 165 160 
-5.57349695515 0.813045296573 3.79484806637 220 210 183 
-9.29426541052 -2.08663549429 11.3631782082 153 161 172 
-1.48202841526 1.22350396017 6.03084390126 82 81 90 
-5.50182223221 0.826523642494 3.91320086022 210 200 175 
-5.80931668585 0.561132577137 1.48683509637 123 115 107 
-4.10156416647 1.00730816847 4.72226597475 206 201 198 
-5.38795921911 -0.377459641986 7.32982872046 80 78 79 
-9.77423873907 -1.39429536033 10.7611407257 83 84 90 
-5.15453541251 0.605415209679 6.93734012103 144 131 109 
-5.42438556685 -0.206175534466 7.30831300116 155 151 145 
-5.53919066235 0.647232415593 5.10615082757 157 146 114 
-8.76650332166 0.695851458094 10.1522867709 109 102 102 
-9.4395268061 -1.59908869831 10.8998442997 113 115 121 
-6.28939044462 0.492759473036 4.83405195934 201 187 161 
-9.79277888188 -0.217977225304 7.28108172498 47 52 48 
-10.7225808241 -1.35660123667 8.63034073509 123 125 124 
-5.45824404423 -0.354842730095 7.32389231031 166 162 163 
-9.89144588512 -1.25628353478 10.5358002465 225 223 224 
-6.42810914623 -2.83946786217 15.3633487365 179 177 181 
-5.45150475624 0.681683863427 6.62869122902 192 182 146 
-9.53462265178 -0.875299841118 11.068325357 117 116 112 
-10.4642161212 0.426236682666 6.48661284213 219 214 211 
-9.37530108897 -0.871825518691 11.2662495705 106 105 101 
-9.39407028489 -0.873464744457 11.2922444619 106 105 101 
-9.64974184141 0.279542941263 7.24622172586 92 92 92 
-5.34826586656 0.710272848279 6.61600438653 214 203 173 
-5.43824865119 -0.318366806412 7.3629961645 105 101 101 
-5.59363545595 0.744902375124 4.6244639388 167 157 130 
-4.37908069916 0.955331794091 5.32011995667 221 209 193 
-5.01932831619 0.746836009829 6.7605116088 216 204 182 
-10.6721959102 0.292811675283 7.44774290539 69 69 61 
-5.389037395 0.823588282386 3.65128696025 107 96 75 
-9.87042313263 -1.06513254225 10.5705033195 111 109 109 
-8.68976293453 0.632041529517 10.5317992945 186 186 186 
-6.77136296899 0.443978500898 1.91503007555 146 136 113 
-5.45439000767 0.809951115487 3.48830563709 101 91 75 
-5.67935521909 0.584438844926 5.11664477834 150 140 108 
-5.68115877178 0.584490176143 5.11718028035 150 140 108 
-9.92025617305 -0.612236156815 7.0192340761 106 106 98 
-4.85009628796 0.853530261062 6.25409853782 219 209 184 
-5.5825620894 0.658512254389 5.05066037947 162 151 119 
-10.0151790594 0.241944236071 10.2831861628 51 56 62 
-9.81857927676 -0.511926637123 10.7633892717 60 61 64 
-5.66665228903 0.722196071996 2.49483295909 149 144 141 
-5.3419059286 0.73539637408 6.58132532079 176 165 135 
-5.40097249267 0.746180557654 6.53393158657 198 187 158 
-9.31025048875 -2.12602800167 10.7032537467 221 221 224 
-5.28214934633 0.846385849081 3.83297872849 124 114 90 
-8.22452102807 0.102070783238 4.09702917961 214 214 216 
-4.75258819185 0.924133879488 5.56736382567 216 206 181 
-5.45650462175 -0.145995770406 7.31630169451 129 124 121 
-5.5115739315 0.800467177622 3.37619337874 108 99 80 
-6.86366946185 0.369169998658 2.81841883529 154 145 112 
-5.48682517024 -0.00365778589966 7.30452578234 164 158 156 
-5.44910286853 -0.0602786903561 7.32484795946 108 103 100 
-5.88513245825 0.627072978675 1.96171363354 164 156 142 
-6.4725847204 0.496604292861 1.9875507385 128 118 91 
-11.0956823102 -2.20103454202 8.26843639229 201 200 205 
-7.30159058429 0.315488335091 6.51060170817 176 172 161 
-5.27842392559 0.85453596054 3.88481830586 133 123 99 
-5.00276588378 0.947377092214 4.13645511172 122 112 100 
-5.5448427965 0.799406176823 3.3438019857 126 119 101 
-5.1483792611 0.806704380907 4.6872982918 221 211 186 
-10.9237176679 -1.08421742269 8.91088710483 108 107 105 
-9.39251118547 -0.877048234858 11.2182760087 219 218 214 
-12.0100256768 -2.28462855971 7.11397976252 90 99 106 
-9.48284096334 -0.864958009994 11.0603578307 227 226 222 
-5.83140614122 0.646281662435 1.65523798457 206 201 198 
-5.91256087425 0.636472806004 2.06355058924 147 136 121 
-8.87029332869 0.548150831021 10.4013805246 128 123 122 
-4.5670977217 0.954362276198 5.094072451 191 180 158 
-3.92241699287 0.783604034622 2.08002973673 249 249 251 
-4.71148087145 0.816656654633 2.86467201699 109 102 112 
-4.90219662492 0.803033205395 2.79578765199 94 87 93 
-3.80749610946 1.0955945866 6.02726187502 191 187 168 
-3.67678954951 1.02355812849 4.91882071439 103 92 100 
-4.70723790021 0.886149625866 3.61187238607 99 98 93 
-4.72641250746 0.889232117416 3.63067493113 99 98 93 
-4.09771682791 0.999730351467 4.67002890242 95 90 86 
-4.21130630581 1.02195442666 5.95268036592 214 204 178 
-3.18457816923 -0.454189690555 8.76468429515 204 205 209 
-4.463104423 0.915287242988 3.85355920203 104 93 89 
-4.24655246005 1.0100174495 5.83074600895 219 209 183 
-4.26500320414 0.920660311594 4.07414255875 214 205 203 
-4.95759865578 0.876702219144 4.48249940647 220 211 182 
-3.9653931957 1.06879013872 6.16454149188 172 163 138 
-3.9489730972 1.06549396108 6.12655850102 172 163 138 
-4.42952085771 0.99471817966 5.33578286161 123 112 88 
-4.429841466 0.994728690063 5.3362278793 123 112 88 
-4.27396383688 1.01937715014 5.59905701983 120 110 85 
-4.96373519391 0.914221682768 4.51969309213 131 121 96 
-5.08081078641 0.885618097587 4.21932680246 114 103 85 
-4.26665282668 0.985945839889 5.61491308349 222 212 187 
-3.50328270337 1.12520774228 6.80042153951 112 100 85 
-4.26207716879 1.02192003954 5.6519414049 124 114 87 
-5.14675928014 0.870973844216 4.10446930172 122 112 85 
-5.1531753745 0.872091587444 4.11166101024 122 112 85 
-3.60901207077 1.09766393735 6.4787246118 161 150 129 
-3.69203010513 1.10058310732 6.50620593904 148 137 115 
-4.0626403151 1.05404871708 5.92221828983 153 142 119 
-4.70036689884 0.952411957918 4.89852917333 127 117 91 
-4.92691995396 0.872815480875 3.414548239 215 207 210 
-4.57738215065 0.927400566026 5.39761610469 231 220 198 
1.41637237316 0.65954184989 3.8457231752 115 116 108 
-3.71735016128 1.07797686459 5.51128364442 206 195 192 
-4.81351540704 0.956736598398 4.5562954298 156 144 127 
-3.88860003386 1.05486360431 6.14818362505 163 153 128 
-5.02472881395 0.89520633684 4.01673485372 186 177 158 
-4.47486859467 0.994540515275 5.02375442285 176 168 154 
-3.72209553908 1.11569735875 6.48629711428 147 136 114 
-4.53619219471 0.947148481866 5.53884558746 215 205 180 
-3.03738689233 -0.192014951608 8.62311521676 93 93 100 
-5.7869257622 0.703767143879 5.02381662045 168 157 125 
-5.5353840578 0.705668188909 5.27319767812 156 145 113 
-4.77647778999 0.882151197418 3.55418209835 88 86 98 
-4.47274731884 1.01476137064 5.09395125433 191 187 176 
-11.4800397194 -1.94219084234 6.45423512278 155 159 165 
-5.19592356394 0.756224799502 2.43309594638 89 88 96 
-4.87529907723 0.86541554088 3.41489855853 88 87 83 
-5.21630397411 0.81412638038 5.2411906602 194 184 158 
-5.28155318424 0.684108093462 6.75395571325 148 133 109 
-4.70533290535 0.896855702123 6.05929894419 150 140 115 
-5.75329458277 0.64470358235 4.84881143482 144 133 101 
-5.81176048223 0.580397237021 4.91189324354 182 171 139 
-5.35736982325 0.752310852513 6.52655536473 150 139 111 
-5.66303517629 0.774962149547 3.74985773061 158 148 122 
-5.41937494176 -0.277289219744 7.34502607143 176 173 166 
-5.74930241639 0.740186487297 4.41511502723 205 195 168 
-5.75811828985 0.741129675934 4.42276327296 205 195 168 
-5.75235175166 0.704977116594 2.5867594497 92 84 72 
-4.53389422536 0.985640763487 5.15095293575 145 137 117 
-5.45601518113 -0.278090097499 7.3083173178 162 159 152 
-5.26611101516 0.859186035865 3.69813919345 164 156 144 
-5.10234484723 0.64268980672 7.01947814587 198 186 164 
-5.96351875527 0.547185145038 5.08004631037 179 170 140 
-5.12375610043 0.642665060216 6.9322743478 203 191 169 
-3.47128969906 1.1014159818 5.73855084926 197 197 192 
-2.08604842868 1.02803347447 5.25672675607 139 138 146 
-7.31629563034 0.137238232651 8.87986828078 62 73 67 
-8.61201045794 -0.0724037659929 8.54267273869 100 103 111 
-5.38569824932 -0.398151156521 8.08491120584 194 194 196 
-4.69286488123 0.897551043085 6.06139337499 161 151 126 
-5.29735858973 -0.597126087179 7.51396181829 85 83 86 
-8.52734644857 -0.552886586153 10.0152711015 225 219 218 
-7.37011313544 0.374272181407 6.85359247627 210 209 208 
-8.54559194177 0.137183781931 10.2618462449 81 92 86 
-7.66398004671 -0.324897855914 9.67231848335 81 82 76 
-5.30974551743 0.7260693782 6.56402938801 182 172 147 
-9.06885702022 0.580087115478 10.3040829802 185 187 181 
-4.52534144012 0.865343198675 7.09308441306 241 231 210 
-4.90529871939 0.891132285408 5.50318812721 155 144 122 
-4.22245264803 1.03503576517 5.6721212969 145 134 114 
-5.60575857563 0.613831688213 5.10444569415 153 144 112 
-5.33016372096 0.841252439035 5.91633408149 189 178 159 
-5.21724569661 0.743085826031 2.35522408304 91 87 100 
-5.90829122891 0.736738384024 4.08559687627 187 177 152 
-5.92828579958 0.599274614674 4.69526391373 137 127 100 
-6.2827553133 0.605097187736 4.76781723832 136 126 99 
-4.39587976096 0.954957422899 6.05788574037 180 170 145 
-6.13338814718 0.569078529382 4.76019680363 169 159 132 
-5.68019198012 0.640915319301 2.18870984143 157 144 133 
-6.0210086638 0.677998621164 2.65564236989 204 191 174 
-9.99908211926 -1.27377223049 10.4350471334 218 216 217 
-5.50165917881 0.801760529388 2.96967909147 168 160 152 
-5.8036426601 0.652002742844 4.61172387508 196 186 159 
-5.88047643008 0.686783543645 2.02903255189 143 141 134 
-4.09098531949 1.06740856351 5.85033951729 237 225 211 
-5.63670030448 0.723773861438 2.80210280745 98 86 73 
-4.83778645114 0.780053147188 6.63383589994 145 133 111 
-6.47892662709 0.435570926835 2.11505405815 187 179 150 
-3.83023547792 1.00500278498 4.8582207445 94 92 79 
-5.17024376742 0.795771460767 4.8910540794 192 182 155 
-4.59233428683 0.879144812974 6.52341876147 204 192 170 
-4.56214117587 0.898544924424 6.0544430585 157 147 122 
-6.34284217125 0.628966317106 3.52292343731 229 216 207 
-4.94162974073 0.91111494689 4.49499920618 131 121 96 
-6.34065162649 0.60754272419 4.53349529908 180 170 143 
-6.33515705502 0.607240955709 4.52851307204 180 170 143 
-6.27782379942 0.528208468503 2.63157043093 176 165 137 
-8.74465141427 0.79152463705 10.1691145275 185 180 180 
-4.77316370793 0.852419556762 6.76012696829 155 143 121 
-8.00146106986 -1.85444532522 5.5003511519 227 225 226 
-4.49694878967 0.95535841917 5.8721368857 209 199 174 
-4.25934174939 1.0224606346 5.64749481438 124 114 87 
-5.43281228527 0.82283336285 4.19231417081 162 152 125 
-5.75817368761 0.698975580028 2.53966004956 99 90 81 
-4.50131190234 0.874780661379 6.75082023068 231 217 204 
-4.71923440513 0.952838565213 4.86012642182 135 125 99 
-4.82020762073 0.870132758141 6.12423905312 157 147 122 
-4.39035234615 0.953645824008 6.27512601507 195 185 160 
-4.37697353438 0.949839741605 6.24802034456 195 185 160 
-5.54715632134 0.737204010422 2.8926978866 99 87 73 
-5.10019223585 0.841640252038 6.13509231928 154 143 121 
-6.29256826044 0.618261496977 2.68383883201 140 129 101 
-5.51603951281 0.726291227794 4.71956153333 142 133 101 
-7.33166347059 0.414105390776 6.59633560532 133 129 125 
-4.45025347384 0.998376597205 5.30731499813 118 107 85 
-4.49806396572 0.905643890097 6.77555703297 124 110 97 
-7.9326207907 -0.272086100964 9.92065091584 64 71 66 
-5.97963880299 0.53100386312 5.01802169499 141 131 105 
-5.5044151617 -0.39222615871 10.4510582334 112 113 117 
-8.48769455157 -0.343952038181 10.1733681596 106 112 105 
-6.3852462013 -3.26783696861 15.3160492856 128 126 132 
-6.55205514196 0.451914111027 2.68158124714 137 125 98 
-6.0702338806 -2.67289291063 15.5017210815 141 141 153 
-5.70918230466 0.708387209188 2.61109612007 108 99 90 
-7.50859903712 -0.39972528225 6.92571474938 217 211 211 
-5.10110881168 0.869282079357 4.11038148461 123 111 96 
-5.828904359 0.644045700006 2.2535286715 149 137 122 
-8.58533834394 0.54849714597 9.94356316812 105 104 103 
-5.61348447143 0.771810082893 4.05071904718 230 220 193 
-5.62274872365 0.77364867736 4.0593050587 230 220 193 
-4.87704980699 0.8177882279 6.62924038822 208 198 174 
-5.15924976769 0.766193712102 2.51673724511 102 93 102 
-0.0573948581937 1.12296698994 8.04109851201 53 53 62 
-5.73774136707 0.686915659199 2.44056052304 103 96 90 
-8.70396408649 0.775085119602 10.6304032754 80 76 74 
-4.37723884894 0.918155205487 7.064525867 154 140 127 
-5.34269715066 0.709688436019 6.60972883327 212 202 177 
-5.2945771052 -0.55218953501 10.200213669 169 170 174 
-5.27233649021 -0.548689033474 10.1451799042 169 170 174 
-5.42929517478 0.738573809207 5.09051799021 184 174 147 
-5.20918268151 0.729618294153 6.56597313114 192 180 158 
-4.89334993395 0.751948037743 6.83217458428 147 135 113 
-5.9193924979 0.735566655181 4.45925805327 199 189 162 
-5.74675229418 0.682678436233 2.39996963531 113 104 96 
-4.35807359666 0.937100399955 6.5809310078 152 139 125 
-8.7894372288 0.6871538952 10.3520105774 61 59 61 
-6.28483599523 0.56125544987 2.27368744316 121 114 85 
-4.72827773178 0.793650982522 6.99011364259 160 148 126 
-3.63444501315 1.0402098527 5.02062869661 101 95 93 
-5.75632514408 0.642512954636 2.26881110771 150 138 125 
-6.32246259042 0.650787849869 3.49700275613 123 111 101 
-6.21518356739 -2.57662108213 15.710686743 195 195 195 
-5.8091736479 0.661442710917 2.20516573191 108 95 87 
-5.72145051004 0.690831408387 2.47265404628 100 91 84 
-4.77694677472 0.925175549878 5.53126439419 231 220 198 
-4.68338752626 0.912862765632 5.93197561212 200 190 165 
-5.43444225978 -0.428247026098 10.3426354825 188 189 193 
-4.81473537124 0.87103584104 3.47424859182 96 87 99 
-6.49128708476 0.498076042769 1.99554125699 132 125 96 
-6.43110087471 0.337769293944 5.26874689023 162 159 150 
-5.37582970006 0.831921848828 3.69602879877 134 122 108 
-5.81987274709 0.639319536332 2.21116667976 124 112 96 
-7.52556898577 -0.403953441357 6.89224004773 128 121 122 
-5.36723882286 0.837390470121 3.73724106809 114 103 86 
-7.57511217327 -0.44585139126 6.85920337632 106 100 100 
-5.27143596046 0.890571434862 3.61886050429 146 137 132 
-5.27143596046 0.890571434862 3.61886050429 146 137 132 
-4.67106283992 0.843057956574 7.06116471135 144 131 114 
-7.76462665043 -0.991416691317 7.42759259183 118 117 115 
-5.19662223592 0.759690066982 4.82664599155 138 128 101 
-5.36661168114 -0.297423755312 7.36770681482 89 88 86 
-7.896478656 -1.86353178004 5.36986491237 222 220 221 
-5.729246487 0.66707923989 2.47896835417 153 141 128 
-6.53889127525 0.429946946903 2.41162204081 121 114 85 
-6.32930084474 0.517723934479 4.79124193402 190 180 155 
-5.73721432827 0.675535100962 2.53360249207 139 127 113 
-6.09186732531 0.695846774759 4.44461165628 190 180 153 
-6.42369407603 0.522438867571 2.48819082651 175 166 137 
-5.82322766599 0.638893780214 2.0142522778 125 116 107 
-5.26513593572 0.841558921414 3.50478869552 205 196 190 
-8.28420738085 -0.3263140039 12.3195476455 182 180 181 
-4.70639889209 0.141503114439 18.4330257445 78 79 95 
-6.43849374289 0.496774384535 2.51232676212 133 124 95 
-6.43065457426 0.539652414145 2.30288147706 164 157 128 
-8.72363977856 0.692147708353 10.1385290439 111 106 105 
-5.53178859963 -0.20735883706 7.35588124787 91 81 81 
-6.53051904781 0.412548679437 2.44697771026 136 129 100 
-8.0550584962 -1.91677515093 5.62474867952 199 197 198 
-5.73543976146 0.58934799339 5.04197869903 165 156 125 
-6.14214781233 0.499626831708 4.92410740878 139 129 102 
-7.01157720825 0.689412337385 4.43524033706 161 145 138 
-4.88662307656 0.882820012349 4.55578660339 213 203 176 
-5.04874817184 0.915773539471 4.43425894304 150 140 115 
-6.99133904918 -0.0974188498773 2.65744980119 127 125 116 
-3.89974741901 1.05130375122 5.91375894819 151 140 117 
-7.11150605456 -0.335515904371 2.66759767127 85 84 84 
-3.86822082312 1.0104377344 4.83824194317 211 200 193 
-4.67588987278 0.784408690592 7.03229930607 157 145 123 
-4.10564557645 1.05362288122 5.85002319888 151 140 120 
-5.37395196107 0.554789231245 7.15359819367 147 136 123 
-5.13603639487 0.810836284561 4.88790125968 151 141 114 
-2.16572725302 0.996705380791 5.13003115186 32 34 47 
-6.30405807814 0.567006884661 2.52157100329 192 181 153 
-8.77211999543 0.75500278364 10.1242003335 103 98 98 
-4.52705532759 0.867623739791 6.74397383303 217 203 190 
-4.5213292991 0.883037763617 6.71792178964 148 134 121 
-5.65240082325 0.77626554538 4.16160660887 207 197 170 
-4.96757009656 0.768042111821 6.676698742 173 161 139 
-10.9980477985 -2.11262600395 7.26210144918 86 91 94 
-11.3186122858 -2.31335284478 7.8376281398 157 165 170 
-5.04294482284 0.904802721657 4.78358321644 204 194 167 
-12.2337947975 -0.679379407002 7.49242758221 124 132 135 
-7.50484515127 0.136179386821 6.79406143255 145 140 134 
-9.45067251704 -0.261922219468 10.7878141226 54 57 62 
-11.8939521177 -1.66087778296 6.02137122754 101 102 110 
-10.4399996193 0.385482503675 7.44472809009 190 184 182 
-9.80701057414 -1.22671342051 10.6066035072 218 217 214 
-4.46827434236 0.987026463724 5.26306929966 129 119 96 
-5.46195543806 -0.351318015189 7.33324183014 166 162 163 
-11.574081954 0.330233937562 7.07689047719 178 175 169 
-9.39042273387 -1.32236893635 10.7972479674 82 87 92 
-9.52768533555 -0.874554503069 11.061265205 117 116 112 
-10.081873897 -0.432037473671 10.4204914692 76 82 84 
-9.94341640343 -1.46935098778 10.7363850592 159 161 159 
-7.41335905293 0.241491441271 6.78618894705 79 80 75 
-5.47526178656 0.209940255244 7.32878701235 129 124 121 
-4.98804377364 0.782831896233 6.65367063709 220 209 187 
-11.7014148245 -1.69444792403 7.30877107023 202 205 210 
-9.20654150671 0.65056283249 9.34616454284 178 171 162 
-9.7968603653 -1.44755858994 10.7302969015 140 141 144 
-9.83934018906 -1.2009879169 10.5430781932 165 163 164 
-9.98913806127 -0.468718591099 10.2391612486 118 125 123 
-7.81367805242 -0.368757903203 10.1496750546 216 218 213 
-5.27040810782 0.68511324598 6.7342122062 154 142 119 
-11.5711728527 0.305164968498 5.66279584134 56 55 53 
-7.704897296 -0.999081823519 7.41725627729 226 225 230 
-9.94007937729 -1.46048582323 10.4261799729 151 151 159 
-5.46042518348 0.0101999621064 7.36806637803 65 57 57 
-6.41770577186 0.527661493703 2.33896823566 132 120 96 
-9.3772249737 -1.89791824369 10.9412222124 72 78 87 
-4.38351210367 0.952336573838 6.94345159423 167 154 138 
-5.34809873172 -0.299411702507 10.6995180242 70 70 78 
-5.84747563102 0.731507771987 4.24891509409 186 172 146 
-5.90277262514 0.710971417065 4.41484765844 201 187 160 
-6.26574621539 0.519537548707 4.88169002331 130 123 94 
-5.52098579404 -0.493728103066 7.6196892741 79 77 78 
-5.28361963507 0.726910320536 2.26761678285 203 197 201 
-5.13164469027 0.759020489236 2.54587215584 203 196 203 
-5.34281479818 0.815400322482 3.91527937266 217 207 180 
-6.32162905832 0.647804273402 3.47918887095 136 120 105 
-5.56264085439 0.742526884326 2.94950954895 103 95 74 
-5.35162113813 0.668157676327 6.73987797739 195 186 158 
-3.69342332408 1.10039846047 6.51167315128 147 139 119 
-5.41981591234 -0.277121548624 7.34329943514 167 166 164 
-3.98793661949 0.999197536909 6.936740773 215 208 191 
-5.57593304116 0.762339152493 4.64445385718 208 197 167 
-5.48819834984 0.313228592846 7.28977104196 159 159 148 
-5.48578806331 0.231164066714 7.19141795877 192 192 182 
-5.90876139017 0.720299253225 4.36790856989 215 201 175 
-5.30670885713 0.844476176126 3.7991147939 140 134 110 
-8.32339990976 -0.735471031206 8.26068514197 226 221 222 
-11.127012982 -1.62219501809 8.27733236524 98 101 107 
-7.31533998577 -0.466170710978 6.79256107882 231 225 225 
-9.24066404815 -1.91548532874 10.7535143521 86 88 96 
-9.38811255676 0.369606058525 7.19650592404 203 206 197 
-9.63234970771 0.34729435025 7.57276553387 63 65 54 
-9.87535307921 -0.488545936132 10.7840351356 73 71 75 
-11.1893310557 -1.58192102436 7.81311758089 98 100 105 
-7.48316677001 -0.215384864424 6.8680030914 67 68 73 
-9.81099652878 -0.398413034997 10.548781772 114 113 121 
-7.45192170887 -1.58773688716 13.7859030105 116 114 115 
-9.75595811965 -1.09180101215 10.3300293674 222 221 217 
-10.9283063732 0.698683621796 6.67983035009 67 70 77 
-10.8304496451 0.394464739987 6.64729544122 127 119 119 
-7.7486147926 -0.239886946313 10.0274801246 101 102 97 
-7.6063977388 0.762361720344 13.5123579338 133 131 136 
-9.5104537348 0.506403169029 6.37794353412 174 164 164 
-9.47034949772 0.416744562186 7.45560772906 194 197 187 
-7.46232672097 0.836394990894 13.1977294665 69 67 71 
-9.35329975687 -1.32073736942 10.7460582101 87 87 88 
-9.39844088909 -0.552121253742 6.8493409725 97 100 92 
-7.50946584584 -2.0444775742 13.85798905 207 205 206 
-7.46810162499 -1.89979481678 13.8924035364 121 119 120 
-10.0909105239 0.350691474654 7.40659248967 198 199 192 
-5.2059234476 0.81256204006 4.64738772112 211 200 170 
-4.41016568838 0.920580516237 6.64151011772 177 167 149 
-7.12292917887 0.882674869046 13.2594415428 109 108 112 
-10.1192578749 0.201772641596 6.98818119955 192 193 187 
-9.81471199871 -0.698476930489 6.96882006935 150 141 142 
-9.81099542206 -0.698145557082 6.96585802157 150 141 142 
-8.98060803839 0.855127057744 9.69705945914 206 197 183 
-7.43471313727 -2.70161442363 13.8057850783 143 141 143 
-5.78008850979 0.567438973515 5.20614749105 213 199 173 
-8.02877344289 0.685938211044 10.2848155664 182 182 178 
-7.57004790847 -1.95411170751 13.923135274 135 133 134 
-10.218624123 0.426278972499 6.58870202211 107 95 95 
-11.0736397578 0.212431816508 7.08544955469 128 126 127 
-9.80723496583 -0.479199340722 10.8040382437 175 173 175 
-11.3339632756 -0.106501350651 7.38975347773 131 134 141 
-9.46034248665 -0.589198808705 6.78244178981 213 216 207 
-11.3831929772 0.167065411566 6.95691149472 200 199 204 
-10.4111734271 0.349033041313 7.49012417572 92 93 87 
-7.15487953774 1.16254199044 13.066473207 89 88 93 
-7.47255444821 -2.81213240604 13.8127036947 116 114 117 
-5.49702510139 0.773609749392 4.67568930403 208 197 167 
-9.84116674546 -1.19961660306 10.5450153117 165 164 162 
-9.8527364234 0.412410512377 10.6913375809 174 172 174 
-9.94434195603 -1.20685856996 10.3941328434 179 177 178 
-9.91468563195 -1.20308343467 10.3619080771 179 177 178 
-5.92061110824 0.57178291715 4.44977857996 136 126 99 
-6.48623481052 0.46343632188 2.53153041034 210 196 169 
-11.1596609562 0.191637128192 6.72700184318 140 139 144 
-5.47902007466 0.259831265142 7.33338608325 158 158 148 
-8.9406091619 -1.95112153517 5.21200273883 182 180 181 
-7.58316559722 -0.442428120829 6.89969096471 161 155 155 
-2.74149546409 0.973054183599 4.0349276936 251 252 248 
-2.11295238342 0.901572299033 5.32311909747 208 207 213 
-2.19044582728 0.924549716479 5.40711363909 62 61 67 
-1.92725044433 0.736190592985 5.17180517107 236 239 247 
-2.13058937932 1.04051280866 5.31404287521 239 239 248 
-2.17622811956 0.9656463609 5.24967365224 63 65 78 
-1.88547722569 0.743734394382 5.04460172685 69 72 81 
-2.13004966959 0.988209734518 5.26896937624 223 224 235 
-2.07682974975 0.869538959007 5.22388379203 249 248 253 
-6.88832864859 1.08795306607 12.1597820144 130 130 134 
-11.8277864527 -1.97337824912 7.18977420448 204 207 212 
-9.73604631324 -1.4247705235 10.6633640498 123 124 119 
-11.7486669112 0.00954940059984 6.53988909855 59 66 73 
-9.82997065147 -1.19385326276 10.6554951108 222 221 217 
-9.95380957021 -0.412291924837 10.4116754919 110 114 123 
-4.74224429686 0.836254682989 3.5434496502 195 190 177 
-9.91815703887 0.195829953959 10.388986637 70 74 83 
-8.56336496191 0.506660342929 9.74538417926 187 181 181 
-7.43711765828 0.199571721846 6.74094307238 135 134 130 
-11.7803263708 -0.716805259509 6.4830807853 179 187 196 
-9.18207173039 0.664765542021 9.45615920437 168 161 153 
-11.3894766689 0.0986510825214 6.84434879048 200 203 209 
-8.42714173576 -0.203628003693 12.2975444313 75 69 69 
-10.0719394221 -1.43477184316 10.5037030505 94 94 97 
-11.3620633468 0.367332117596 6.8044858381 219 219 209 
-11.5140365834 0.287495909429 5.32839443196 213 211 208 
-4.17160411434 0.992665201335 4.61663170215 98 91 99 
-5.38017986079 0.775441230527 4.08037986433 186 176 149 
-6.03376455213 0.623958586731 4.51191569963 153 143 116 
-5.51046629646 -0.393566770625 7.29010972885 109 108 106 
-4.0501586592 1.02022416082 6.78120809515 217 205 189 
-3.73638075785 1.04111151478 5.64872434175 191 185 171 
-4.34649696792 0.936318928829 6.4372118241 185 172 157 
-4.06547149202 0.993784356907 6.5382001344 221 211 188 
-2.90423191308 -0.281998470797 8.62913914965 216 217 221 
-6.83760878289 0.491815448202 15.3098468536 103 111 122 
-3.55627112957 1.13322295872 6.2496390382 164 152 140 
-4.72512309491 0.901482844366 3.68835278388 203 200 196 
-2.81658642671 1.12050974071 6.26108245532 40 42 56 
-5.60729974096 0.809664629116 2.94115832119 152 150 142 
-4.4714989826 0.961178378723 5.35149875113 222 211 189 
-3.93870814641 0.992001588353 7.00585513314 234 225 210 
-4.54781741987 0.967849154685 5.71905410804 168 158 133 
-4.97189688316 0.873536824755 4.43447424357 222 213 184 
-5.57550142796 -0.216773607453 7.42083093425 102 91 93 
-4.62510587831 0.905923694101 6.15760963494 162 152 127 
-5.88328328866 0.654883641631 4.4463998959 157 147 120 
-3.98744099333 1.04511153263 6.32933107131 211 201 176 
-5.70829119214 0.618411639595 5.32177926398 204 190 163 
-5.45694017221 0.799623768305 4.12383843339 168 158 131 
-4.91379625095 0.912809904938 4.51637611416 135 125 98 
-3.34236630053 1.14157149519 6.88739910643 112 102 88 
-3.33825381864 1.13915837793 6.87721158834 112 102 88 
-3.87964167308 1.04862501501 6.53463842307 184 173 155 
-3.07508783555 1.03701088391 6.47331738889 177 168 160 
-11.5938003493 -2.32571258221 7.12535011662 106 114 120 
-3.26651414928 1.13616354793 6.76961371121 127 117 105 
-4.540514345 0.916999557049 7.10693521282 203 190 173 
-4.89315023819 0.837081846193 6.33082856084 169 159 134 
-5.85470168551 0.622450839959 4.80542538328 142 132 107 
-5.53077130517 0.0472605443885 7.32913312254 163 154 155 
-4.72089012147 0.837289166349 6.75058288363 179 167 145 
-9.72212971973 -1.32755721031 10.6943884858 197 198 193 
-5.71925600217 0.721236224189 4.0256729598 166 156 129 
-4.87023150417 0.741250763927 6.98619741167 138 126 104 
-4.9091894684 0.881289836022 3.41775700651 103 92 93 
-6.25640016367 0.472939359325 4.98393863047 150 143 116 
-4.71569957744 0.997266151322 4.81048940208 191 180 159 
-4.50762421107 0.889161015461 7.07616733607 130 117 98 
-5.69394288679 0.655173588157 4.82267442195 141 128 96 
-5.05192763532 0.747663105926 6.75251614337 200 188 166 
-6.34510900371 0.514798336409 4.84158504737 197 188 157 
-3.68697097387 1.11820951157 6.26110459429 176 165 144 
-3.12838717396 -0.299241956191 8.58314060111 87 87 98 
-4.77631784238 0.924298431692 5.69985801504 210 199 177 
-4.77809577602 0.924642660175 5.70229400157 210 199 177 
-4.89250762627 0.72394407293 7.02447059051 171 159 137 
-3.65950272102 1.08861823525 6.81128228201 164 152 136 
-5.18112484783 0.668585586152 6.87655227866 117 107 80 
-3.89600543844 1.081077573 6.16344104384 176 165 142 
-4.99848432221 0.776778203969 6.65259085799 217 205 181 
-5.68604581125 -0.329727085919 10.4795349982 66 66 77 
-4.64917971462 0.91958659479 3.62518217002 124 119 120 
-2.99308042177 1.03280423109 6.38850972902 143 140 140 
-5.50231976617 0.28958445401 7.26790869542 135 126 120 
-4.87831291964 0.765876801657 6.99528381224 185 173 151 
-4.60926747076 0.938718446017 5.93161859978 219 209 184 
-6.47285712742 0.566491957548 8.21653514766 178 177 172 
-5.70786786968 0.747430119027 10.9458918503 204 205 210 
-5.7327802705 -0.266874850361 10.4406994287 64 64 74 
-7.41311005558 0.415229717048 6.60026475836 93 88 82 
-5.48405289726 1.0182322276 10.3386663074 200 202 197 
-9.36739671263 0.368385112749 7.18185295877 205 207 196 
-7.49594516868 -1.9192780244 13.8600588483 134 132 133 
-9.77497277683 0.276817831343 7.21193463159 57 59 57 
-9.45748233829 0.34412923683 7.4119101551 69 71 63 
-2.90292031754 -0.286225881469 8.62342716733 216 217 221 
-9.48249619585 0.526415869651 6.3954863867 176 167 163 
-8.83419495377 0.614122404791 10.3037893918 188 187 179 
-5.16644155281 0.28982575567 10.7064762876 64 76 88 
-3.97425812129 0.942870277915 7.0556238449 157 150 134 
-5.17333384689 -0.69016868947 7.53716905981 95 93 95 
-9.37992404111 -1.45969839233 10.8174812433 89 94 101 
-5.44479201402 0.740987402531 4.93565856611 169 156 125 
-3.79247771321 1.07409852992 6.57903764527 219 211 190 
-3.81967105262 1.0740400675 6.26412460349 174 166 145 
-4.78506898962 0.803188699324 6.86446595497 144 134 109 
-4.99304832156 0.891937644301 5.37516675041 190 178 152 
-9.31978811948 -0.392039095355 7.02514872777 76 85 70 
-5.13340865035 0.875953276458 4.14181576396 132 122 100 
-5.17288505871 0.718748116667 6.6105939576 191 180 150 
-7.35768105208 0.326111721521 6.62547561319 100 95 89 
-5.74597779464 0.703180965459 4.55928922503 202 190 166 
-7.69829428193 -2.91471023747 13.5656811913 165 163 166 
-7.75947902152 -1.94763814509 13.3834710478 233 231 234 
-4.82012214653 0.951176863498 4.51895657187 177 167 149 
-7.68935051834 -0.247582548781 6.80879174354 145 139 139 
-10.3471050593 0.49487909155 6.516081502 172 162 161 
-5.01983542237 0.879972829507 4.77005980488 218 206 180 
-7.69387740196 -0.67351573139 6.93228437326 128 124 125 
-7.48090483053 0.263422905366 6.78314462643 141 134 133 
-9.5574231758 0.427599558593 7.44631384663 168 169 161 
-4.77254010329 0.80815762085 7.16133739039 207 197 170 
-7.52735377737 -1.98160214881 13.9665786471 142 141 139 
-7.75300564078 -0.487836153441 9.77481394031 142 141 135 
-9.32433113986 -0.843856520591 11.2427947192 213 212 208 
-7.56814679857 -2.07392455664 13.889872729 168 167 166 
-7.63563485819 -2.10610175981 14.0224556707 168 167 166 
-11.6383348167 -2.32215688949 6.52440622142 193 196 203 
-11.4676104372 0.236386592681 5.47341261748 221 213 211 
-10.1555372676 0.203100402645 10.8645329862 69 74 80 
-11.7871999262 -1.50577378208 7.35851733162 222 220 221 
-7.60848524159 -0.236924158212 6.77453574484 112 106 106 
-11.7096088209 -0.596509471672 6.19515601385 90 95 101 
-11.6445535853 -0.635515386385 6.13116503446 161 163 170 
-5.07647181231 0.803816827995 6.41109434846 202 188 161 
-10.0709320361 -0.623083992314 6.74961366027 82 77 77 
-11.0446597868 0.143908970404 7.06874599624 77 73 77 
-11.2924570789 -1.49036255747 7.08651576984 169 167 168 
-11.4056165022 0.308064023839 5.65043832454 93 88 88 
-11.4726163051 0.0946878332455 6.40317964576 79 88 97 
-11.3376679154 0.0938444043698 6.3227635915 79 88 97 
-9.8064596125 0.156168406649 10.5688593763 103 108 114 
-9.82663870984 0.447534896683 10.7005120198 139 133 132 
-9.80652807611 0.380514951977 7.27061420059 100 101 96 
-5.15029660104 0.886372617396 4.15634196194 135 124 103 
-11.4948184879 -0.608610536336 6.6280544351 171 171 175 
-11.1035782555 0.307290726991 7.08807163168 177 166 169 
-7.56413543431 -0.398552773274 6.80097953436 105 99 99 
-10.7107787503 0.79415252288 6.54769903794 78 77 80 
-11.3812998376 0.161967356251 6.3472224434 133 134 139 
-7.67860658256 -0.765674444281 7.20999464 221 218 219 
-4.21608680795 0.98179700366 4.53721713657 102 95 102 
-3.75873810169 1.10449791083 5.41424574735 255 250 246 
-3.06611361156 -0.662928743729 8.66987411882 187 187 189 
-4.7158509606 0.916940524978 5.89139503411 205 195 170 
-3.23042477071 1.11628819919 5.91760650601 99 88 83 
-3.86914332455 1.0256948149 4.89811104945 105 96 89 
-8.26645978676 0.193444463519 9.73423831019 83 94 84 
-5.13369313729 0.828696294085 4.05818616062 228 218 191 
-5.08578751877 0.872552828615 4.1674507393 132 121 99 
-5.08578751877 0.872552828615 4.1674507393 132 121 99 
-4.81096162718 0.932602977822 4.71376492977 146 135 115 
-4.33765766845 0.975072072371 5.50433012518 213 203 178 
-2.98204187497 0.947180763939 6.4335180976 219 218 226 
-3.07982290239 -0.494168278443 8.57380399932 189 190 194 
-4.30315379731 1.02099598198 5.55967808911 115 105 80 
-3.52749256877 1.10167396568 6.78565000254 201 189 173 
-2.89003654109 -0.436884270549 8.58418970063 142 143 147 
-2.8846226252 -0.435509537012 8.56479659522 142 143 147 
-2.86630535559 -0.461931340177 8.5603965918 210 211 215 
-4.86667487717 0.831720139855 3.31467126571 158 148 145 
-3.35670688525 1.12022919863 6.91795563397 197 188 171 
-4.90432035428 0.90235656014 5.48414539829 144 133 111 
-4.49299199408 0.986366863253 5.85786295623 165 155 130 
-5.56012023957 0.763120975734 4.12319090911 192 182 155 
-3.02120411217 -0.431206514635 8.63237928649 129 130 134 
-3.0236632356 -0.43114542867 8.64121431314 129 130 134 
-3.33212455326 1.15450158843 6.75677522895 206 197 181 
-3.36876695957 1.16902556449 6.85164866178 206 197 181 
-4.17535344442 0.831215710975 3.69514976637 212 199 191 
-4.74599504623 0.938171121125 5.67631368724 173 162 140 
-4.48867734067 0.912019054968 3.84196624503 222 211 204 
-4.89842327264 0.920539731088 5.33978915738 189 179 154 
-10.9888614563 0.241231336879 5.9171373756 220 220 210 
-11.9316135391 -0.67772088102 6.60857436746 146 155 164 
-11.4649489386 -2.4450458505 7.25422564815 94 91 93 
-5.31691530577 0.758309188561 6.52479480289 202 191 163 
-5.33793374613 0.618298413776 10.4195861003 195 195 193 
-9.90360279508 0.496231809378 10.7392240129 196 189 188 
-4.70128052125 0.951264198748 4.93619282008 179 169 147 
-7.55877856677 -0.734215004284 6.88174879638 120 119 117 
-10.4392822368 0.346433620444 7.46174703624 182 177 174 
-7.69290950159 -0.526476078698 7.23913207139 231 225 225 
-4.92311894539 -3.10584679837 17.6478596882 138 139 143 
-4.9874201212 0.701319067638 7.03672420663 143 131 109 
-6.46181205619 0.406401007592 5.24194124021 177 170 161 
-5.97995102109 0.728816016092 3.44556619434 174 163 142 
-6.40088510634 0.459069709881 5.06381048961 170 164 138 
-5.91924222339 0.738475361691 3.61592009379 164 153 131 
-7.35132408319 0.314902079928 6.47398691 177 171 165 
-5.42600636188 0.519324483604 10.6357331402 73 74 82 
-5.58665648898 0.233084542485 7.33356685115 192 184 182 
-7.63348701561 -0.459775316281 6.74928275239 107 101 101 
-4.34811566862 1.01231690699 5.50924149106 141 131 108 
-5.38644003723 0.784783918563 5.27463526884 185 175 148 
-7.6525150335 -0.269514497663 6.87488290664 142 135 135 
-5.59441039248 0.772886743415 3.11980593855 111 103 88 
-7.54908210797 -0.211020395717 6.76102620238 140 131 132 
-7.55366515054 0.214580823892 6.64459861895 139 134 129 
-5.0321703216 -0.219522117539 11.7263035845 198 193 200 
-6.42238184785 0.46525521928 5.14970886004 186 178 155 
-7.57280678029 -0.446168790946 6.85239489676 108 102 102 
-5.82446278515 0.689194735156 4.43157593998 209 199 172 
-5.67333945777 -0.207664632998 12.1693783407 223 223 231 
-5.51292979134 0.67643436065 5.08404897026 182 172 144 
-7.54865481663 0.0679727034907 6.76600996632 146 137 136 
-7.67486708107 -0.511000137528 6.8206390391 144 138 138 
-4.08735571352 1.05573017247 5.88657031493 145 135 112 
-4.62539398745 0.957361070013 5.50009674966 191 180 158 
-4.35619525405 0.983757544279 5.41004412019 180 170 146 
-6.30477366728 0.545782861063 4.63846382877 188 178 154 
-5.43725494275 0.753981636665 5.04302419727 169 159 132 
-7.00851564202 -1.73955751739 13.8580782346 125 132 139 
-5.5762294346 0.774550015825 4.20456624097 204 194 167 
-9.39065907567 0.317208795184 7.36041134035 68 71 62 
-9.16901226097 -1.92909029182 8.65510346254 175 173 175 
-7.20163050552 -1.6463334136 13.9562240761 98 99 104 
-10.2246512785 -0.440520620307 10.4163127422 144 146 151 
-9.47203606976 -1.34074671879 10.9117319741 83 83 82 
-9.42830745315 -0.594926689607 7.29910349648 120 116 109 
-9.4601327657 -0.59755126135 7.32623031774 120 116 109 
-9.30667331505 0.319282643759 7.43946400116 169 165 158 
-10.1516273362 -0.482291172122 9.98036961887 147 147 151 
-2.45642457643 -0.229615980936 9.83065412239 217 216 214 
-9.42230087108 -0.495432344892 7.0670042135 81 86 77 
-4.60068753131 0.902979108196 6.53295284445 157 146 124 
-6.77391170853 0.572471274645 15.111405196 70 78 89 
-5.58177544263 0.78635133236 4.14493821867 169 157 131 
-3.15095047084 1.13269987411 5.81407363519 134 138 142 
-9.10028665471 0.228448059615 6.84465981076 161 164 155 
-5.69247588217 0.764280288199 4.06844550835 214 202 176 
-7.34187861111 -1.81770483088 13.9008234568 184 182 183 
-5.23598926923 0.761969252648 6.66124548987 155 141 113 
-4.66858568979 0.203537838883 18.4524177292 80 79 101 
-9.99324905277 0.181049285731 10.3682486207 71 76 82 
-5.45172437121 0.0441729532819 7.36449461055 152 151 146 
-10.4293356297 0.247648729592 7.23006213611 70 71 65 
-11.6005844208 -0.547679585238 6.16509546329 136 145 152 
-5.73661893873 0.587067222923 5.16502405091 168 154 126 
-9.76788203493 0.445823580589 10.6276981407 139 133 132 
-5.41800792666 -0.334114510658 7.39008458046 129 127 128 
-1.96995605553 1.05868365581 5.21679634537 42 44 56 
-1.97516750268 0.820222588921 5.21149024498 80 82 94 
-1.93693187946 0.907889264262 5.06514820489 60 62 74 
-1.64261042431 0.781661080101 5.10783024655 84 82 101 
-1.7906818414 0.924441189574 5.10530066156 47 49 62 
-2.07513109459 0.582000247406 5.42257993925 230 230 238 
-1.56479709237 0.911592819182 5.15514910151 217 219 231 
-1.70318784325 0.828372821652 5.12818875821 196 198 210 
-1.70406098139 0.827591567497 5.12657288763 196 198 210 
-1.90283552103 0.824398469352 5.18729174644 86 88 100 
-1.83566573306 0.973775976668 5.07175799917 135 137 150 
-1.86454912246 0.838983459722 5.21109910475 94 96 108 
-1.69565444723 0.752615683172 5.13320958871 247 248 250 
-1.48970247519 0.897008579358 5.17064831592 223 226 234 
-1.9323417292 0.857359944977 5.21059922172 113 115 127 
-1.59226501775 0.911553428885 5.09622344012 81 83 95 
-5.36483769104 1.11641662406 10.4381556267 100 99 98 
-3.63469585876 1.08518246313 6.66437906392 213 202 184 
-5.22554890738 -0.418896179841 7.37088412311 120 118 121 
-7.58417891185 -0.366721619014 6.7912248716 96 90 90 
-4.8377600282 -0.987507805168 9.94420430396 200 201 206 
-6.44817399776 0.384351878591 5.23717474379 173 168 161 
-5.51410314825 -0.343973930434 7.34389587877 86 85 83 
-5.69884114144 0.613028440115 5.32300137596 203 192 162 
-5.59542273971 -0.356237508544 10.4884672583 168 169 174 
-7.71223997932 -1.80851273354 13.990117949 236 235 233 
-3.51431768219 1.08198588819 7.06378193526 166 157 142 
-5.4991682423 0.0555622699323 7.39304627996 135 126 124 
-7.44120594083 -2.83687040976 13.7345913857 115 113 116 
-9.693142825 0.66458608465 10.7878997948 137 131 129 
-5.39202746814 -0.281080615138 7.37162696246 107 104 98 
-10.1049046288 -0.43254419537 10.4439112421 76 82 84 
-10.2125304932 0.447550311315 6.83994990616 125 120 117 
-4.64759653401 0.964318875696 4.96999258754 141 130 108 
-7.14283788381 -2.68750710475 13.7792799202 224 222 225 
-1.44808787203 0.91018862114 5.28772589719 201 201 212 
-9.80545280614 -1.31106886951 10.5258486294 156 154 158 
-1.97958596988 0.686335660091 6.59068343686 233 234 238 
-9.88330615276 -1.9461195325 9.20346092837 99 98 106 
-7.45644136569 -2.84249162315 13.7471031735 120 118 121 
-9.32826816123 -0.434347673579 6.60276762881 74 76 62 
-9.83884638876 0.33496230945 10.6742870504 63 65 67 
-7.16846736218 -1.64472100277 13.869130606 115 113 116 
-7.39295249805 1.04671579348 13.1951357963 148 148 151 
-10.2759734448 0.311255927876 7.27818063967 77 77 81 
-6.39506545666 -2.74448461386 15.4403278059 214 212 215 
-7.57123595875 -2.32112621922 8.07598340591 112 112 120 
-6.46012388407 0.297294992168 5.29877649214 132 127 121 
-9.9096636145 0.193033959352 6.71625319622 158 162 155 
-7.26943443063 -1.77318309471 13.8899910153 222 220 223 
-1.59991550755 0.905977437337 5.15238354955 70 70 80 
-7.55401548582 -1.56795051503 13.9545483432 103 102 100 
-9.36919898017 0.589855122566 8.99709289448 132 128 115 
-9.69369084457 0.222323966911 7.02845436056 181 183 178 
-7.71338792101 -0.500253582638 6.81765071311 199 193 193 
-7.24445457203 -1.87855479464 13.8721931085 221 220 218 
-5.36475911136 0.520941769435 10.4873899529 73 74 82 
-5.70270253018 -3.32878329803 16.5703457394 198 198 208 
-5.54381167737 0.0704180127418 7.30618489017 128 119 120 
-9.83149720043 0.20136792006 6.72761150921 192 194 189 
-4.01830147551 1.05885524358 5.92737170836 146 136 112 
-8.43014631784 -0.275679597621 12.3448189271 183 181 182 
-5.01556736057 0.938900535502 4.1664619794 189 178 162 
-9.05888124321 0.227979912661 6.81261447127 161 166 159 
-5.5589286487 -0.668566530568 10.6225406078 199 200 205 
-5.03134989048 0.863531100672 4.31498098714 222 212 185 
-9.9763492137 -1.26099148407 10.5546837524 221 219 221 
-7.75495622423 -1.99187449914 13.4644591931 183 181 184 
-9.8819345657 -0.488998490035 10.7908174239 73 72 76 
-9.31994819538 -0.615270198254 6.86893501027 228 223 224 
-9.95915193843 -1.10683354654 10.347309803 223 222 218 
-11.2918260843 -0.0970481705817 6.77105435016 93 102 104 
-4.85055135592 0.819661485293 3.00088147638 209 201 201 
-9.97281967903 -0.432755076228 9.84590965544 119 117 125 
-6.27451136924 -2.59063205049 15.725216747 240 238 239 
-7.55501999712 -0.836627738789 7.0237868092 125 124 122 
-9.94374036813 0.149529450265 10.4617922291 120 125 131 
-10.8573450229 -2.17620219811 7.78321761651 196 195 198 
-1.47494341374 0.901346901286 5.20405514628 223 223 234 
-1.7430523896 0.837117990755 5.09354204599 136 136 146 
-10.0579422751 0.276896711496 10.405815894 98 105 111 
-9.3606319024 -0.350459973554 10.9751305735 126 129 136 
-2.6918848252 -0.335462115691 8.7807598871 87 87 95 
-4.50542446619 0.967922391876 3.65323075512 148 148 148 
-3.39176793291 1.14936783167 6.56882943455 184 175 164 
-4.35602500435 0.967127106908 4.76504205063 187 184 175 
-3.02083074027 0.890776300991 6.48299976599 50 49 54 
-3.60872631768 1.08362794615 5.56668314012 97 94 96 
-4.91703979599 0.873611999928 3.44815822227 86 85 83 
-1.71132671962 0.868807997514 5.01586499611 151 153 168 
-4.5013472419 0.99284674778 5.30727675272 135 124 103 
-4.86204796819 0.910130804801 4.79954692928 216 206 179 
-3.09353099081 -0.463183044717 8.70885564771 206 207 211 
-3.89441798041 1.01577109893 4.86974011211 215 206 197 
-4.94351223433 0.869002034592 5.97006633479 165 154 131 
-3.64342164188 1.09232927718 6.94234122355 166 154 138 
-1.71850650768 1.00138600634 5.04502922945 48 47 63 
-2.09998421282 0.808632598462 5.27069073994 58 55 66 
-2.10424027829 1.03264554143 5.29430530899 144 143 150 
-1.50554685316 0.918560639261 5.20372197672 234 234 246 
-1.43162068389 0.92680680614 5.28430627671 214 214 226 
-1.83926646117 0.741275430561 5.20644724818 240 238 246 
-1.3485934079 1.16626269933 5.62818197343 68 69 77 
-1.74433141107 0.863164507229 5.17774292197 108 107 121 
-1.41914139006 0.913146686848 5.28268838881 233 233 245 
-1.72870895149 0.760480757217 5.15821361135 138 136 145 
-1.7295030428 0.761531712374 5.16671141424 138 136 145 
-1.89002081504 0.805623388626 5.15614060923 111 111 121 
-5.45598143473 0.754907099765 4.81093384257 153 143 117 
-7.660114201 -0.860605873455 7.03183610001 117 116 114 
-3.75929826272 1.0557854656 6.98440996004 194 183 169 
-4.53178387501 0.932634217631 5.10676192575 223 216 200 
-6.14345274202 -2.58603319622 15.4298961791 239 237 238 
-9.75898475835 0.289551009541 10.5089217511 86 91 95 
-7.91154344785 -0.313767215801 9.83746468409 102 105 98 
-5.04904615167 0.911582382066 4.27517657949 216 205 187 
-7.38463626499 0.867461935461 13.1662759414 144 139 142 
-7.38463626499 0.867461935461 13.1662759414 144 139 142 
-7.36088235115 1.10001340326 13.2217056233 74 75 79 
-5.49080437693 0.655683546959 6.72261222382 126 118 96 
-7.40488376586 0.2765366993 6.76700684008 190 190 193 
-9.06243442599 0.703788305445 9.0776734279 172 165 151 
-5.45534578198 -0.296814753128 7.34866420499 110 107 102 
-9.52015978271 -0.865934677121 11.0418859518 121 120 116 
-8.06868020519 0.452293543503 12.4198724497 55 57 70 
-7.02828172419 -2.75174568894 13.8290880403 141 141 143 
-10.3318979333 -0.31341759062 10.3823029702 77 80 87 
-6.74256468769 -2.73673251681 14.4282976453 133 134 137 
-10.2586425653 -1.29734837035 10.6536541072 222 221 217 
-9.43206421909 -0.358532088546 10.8864589504 137 135 143 
-11.1739698919 -1.64820334755 8.21450904215 133 136 141 
-9.11188357474 -0.5677193251 6.87198856349 225 227 219 
-5.71501695192 0.650425976231 4.92472500634 146 137 105 
-7.64662040353 -0.819569268266 7.05891275675 155 154 152 
-9.33007023379 0.59905898564 9.09986065222 127 121 111 
-8.72696078307 0.737611540007 10.7150476131 174 175 170 
-9.31626517208 0.368087944249 7.3358206457 77 74 71 
-6.4535794158 -2.69394785521 15.4494136135 129 129 133 
-8.19883776581 0.597957431201 12.4362186126 116 117 123 
-9.9500185252 0.172346866206 6.83099534695 82 84 79 
-9.00838111493 0.226736981616 6.7737755674 161 166 159 
-3.97116385911 1.03559558886 6.41083055364 153 143 118 
-3.96235943839 1.03394912054 6.39388978273 153 143 118 
-7.37385884402 0.442504848244 6.72100196574 209 206 203 
-9.60338256359 -0.31448332175 11.0139739108 86 84 93 
-9.69884136587 -1.39251519544 10.7486873178 193 192 190 
-5.04847260736 0.948896212372 4.0843738761 153 143 134 
-6.50753511009 -2.76343219024 15.7073672533 216 214 217 
-10.0073902453 0.531719097241 7.2924925499 102 95 86 
-7.39052062783 1.05473044198 13.3086724743 143 144 148 
-5.259539485 0.842705404365 4.69354275754 170 159 136 
-9.89553706912 0.482362914346 10.7408749026 182 179 174 
-7.57671203197 -0.301056750098 6.77096831664 141 135 135 
-7.6340877964 -1.77009082426 13.9102026458 233 231 232 
-3.50032521122 1.1244356554 6.7942647002 115 108 90 
-4.20256643807 1.03127378191 5.71420998095 140 129 109 
-3.95492374336 1.06068410982 6.3680252604 214 206 183 
-7.6537401471 -0.749661018187 7.14131384902 111 109 110 
-7.32875227639 -1.70625986686 13.8529447026 124 122 123 
-9.86424339468 -0.548601457991 10.7872391845 210 208 209 
-8.27798282542 -0.422175712085 10.2360461373 194 194 189 
-4.09644949137 1.00672902642 4.72263297187 211 205 205 
-9.45032055127 -0.445347906236 10.6978233761 217 215 217 
-9.07479870038 -1.28198101301 10.9036530025 96 95 105 
-5.92667598952 0.627404105517 4.78709769699 123 113 88 
-4.90136634979 0.751602325326 6.8425674605 147 138 110 
-4.87692965097 0.743740776256 7.07803655454 177 166 146 
-7.52911097325 -1.73149900221 13.9189623829 106 104 105 
-5.30686541046 -3.24599741123 16.9667783035 204 201 206 
-5.43079055627 -0.43423296474 7.42895079461 102 100 103 
-5.04045171686 0.901150068306 4.78093630144 201 191 164 
-2.10226757885 0.653056940388 5.46338631825 81 84 93 
-4.90581697235 0.899366582969 4.72018526018 214 204 177 
-3.13007533099 1.17177329243 6.50562444719 137 126 125 
-4.42884257725 0.993704648829 5.89503415073 192 182 157 
-5.23697505922 -0.510494973892 7.5050492443 90 88 91 
-3.9075476721 1.11544900251 6.1233971157 171 168 155 
-1.88756051004 0.875674872494 5.11757938997 230 232 240 
-4.77243079103 0.958614761729 4.86391595688 148 138 112 
-2.0864881973 0.637216519237 6.10913962112 233 233 237 
-3.71765889229 1.01307177047 4.84758305517 99 96 97 
-3.94084786862 1.07462299011 6.23045188978 163 151 140 
-3.93008074943 1.07063900578 6.21381932765 163 151 140 
-3.61908550862 1.11687401089 6.68067682098 141 132 117 
-1.59300742577 1.34332317549 8.88786879521 110 101 94 
-1.59258777124 1.34305405583 8.88590740004 110 101 94 
-3.1054626634 1.20706414542 6.57394234623 123 118 115 
-1.54019803184 0.888312415448 5.12353524375 221 221 231 
-3.03467711649 1.16113884314 6.45222831954 157 152 149 
-1.73429020701 0.815325874136 5.16765494411 213 213 223 
-9.9643391695 -1.45982438087 10.4562020492 149 151 154 
-7.34652890623 -1.75874087863 13.786938676 222 221 219 
-8.95359660162 0.589215703936 10.5460785475 90 89 89 
-5.50685108953 -1.46260560969 7.28862330799 229 227 230 
-6.12232353529 0.46327991794 5.0210650263 147 138 123 
-9.36358322489 -1.00489683179 11.2725664257 177 176 172 
-5.18270399028 0.829260086415 5.50241735794 192 183 156 
-3.75851493343 -1.13760727075 9.16600244319 168 167 166 
-3.03271018671 -0.602007530595 8.62986966916 182 183 187 
-3.79479084258 1.12121646556 6.37606013655 217 209 186 
-4.6922924772 0.907168166705 6.9309682004 187 175 159 
-4.03238286173 1.02076375516 6.53923758421 190 180 155 
-7.31276894807 -1.79280632419 13.8367464623 155 154 152 
-7.72834704893 -0.513484399289 9.77341367379 162 161 159 
-9.54118494536 -0.473667523392 10.8960176844 71 71 67 
-9.59699590372 -0.925463207545 11.0750162092 221 220 216 
-10.2605573236 -0.456245996213 10.0350456008 75 79 85 
-10.0015087031 -1.47885951181 10.3772996427 113 113 121 
-9.36358322489 -1.00489683179 11.2725664257 177 176 172 
-6.49443554352 -2.75073609888 15.4346146724 125 124 129 
-9.88844377008 0.0934529606908 9.96212356028 89 95 101 
-7.65285253347 -3.04103951486 14.0678934581 186 184 187 
-9.66167842446 0.675037928422 10.4191396904 136 127 125 
-5.15479619493 -0.726183091414 7.58774701522 190 188 191 
-3.93045156165 0.953471411441 6.97667193509 168 161 143 
-7.85431377342 -0.244929772796 9.73612462332 61 67 62 
-9.85818595742 -1.24863476574 10.3597507063 228 226 227 
-7.78631246111 0.651061263348 10.6967405763 78 74 73 
-4.73408990646 0.983569877434 5.29335060536 169 158 137 
-3.79048174215 0.618425612678 7.95943109306 206 201 198 
-1.68534526376 1.36924293118 10.267920038 136 130 103 
-5.25417242544 0.800010180619 5.1478909251 183 171 147 
-4.54738858381 0.890421869727 7.03714451024 204 193 175 
-4.20513131557 1.02332133469 6.06756128407 209 199 175 
-5.37822104309 0.734134476611 4.87356470311 166 157 128 
-4.8490772718 0.726087906007 7.36296770902 198 186 162 
-5.18333691085 0.828305694198 6.25426908204 195 185 160 
-5.08673962876 0.760806395306 7.03025191122 175 163 137 
-3.62250342293 1.10763896485 7.02222498199 165 157 139 
-1.8413033724 1.35355636658 9.92123693359 126 120 98 
-4.6304545456 0.854352371475 7.13034997192 157 145 127 
-3.4255322057 0.902458134321 3.18058006568 254 252 253 
-2.09463071093 1.10088589772 5.30951956936 58 55 66 
-1.37964150516 1.10353699893 5.70122637986 47 49 61 
-2.01740328338 0.672820606735 5.36422837866 90 90 100 
-0.80654789216 -0.929760404833 7.16921468291 198 199 203 
-1.34154974984 1.37015034594 8.51557201904 211 205 194 
-0.639855702988 1.23352768154 6.90834370272 85 81 66 
-8.30356576253 -0.325282377358 12.345144376 189 187 188 
-9.98930175251 -0.398786000974 10.3893270511 141 144 151 
-2.76822860731 -0.221510134074 8.60514588205 154 155 159 
-9.25825342909 0.633029571334 9.0845078562 154 150 141 
-4.9563786711 -0.216400260826 11.6707716359 196 192 201 
-8.36381518846 -0.288838336344 12.4614112525 82 80 81 
-2.77622181567 -0.183447840661 8.74637148455 195 192 199 
-4.33791667666 0.973976748591 5.82303217862 210 200 175 
-9.29597908151 0.463178981351 7.28183711946 86 80 77 
-4.95904947831 -0.216664437324 11.6748393969 202 200 211 
-9.9822593246 0.18989518895 10.4543725072 74 81 87 
-0.362804810908 1.19564925375 6.92833201416 192 194 189 
-5.4394967789 -0.625288216844 7.50926013354 179 175 176 
-5.50296559921 -1.45861539871 7.28268394773 208 203 206 
-3.74791036029 -1.15968279084 9.13924250305 234 232 233 
-5.54836082623 0.412729218543 7.28596378454 176 167 160 
-5.43195878637 -0.382355562291 10.4106737979 100 101 105 
-3.13419352555 -0.292833206225 8.58582021909 83 83 91 
-3.052360493 -0.199351501806 8.6539429555 82 82 90 
-3.73015478948 1.09775566318 6.48725396913 158 147 126 
-3.97861397332 0.310186324886 17.8567288053 88 87 93 
-4.08129926522 0.239160287971 18.1048650004 189 188 194 
-6.4007317195 -2.82395659663 15.2339043902 170 168 174 
-5.05543925995 0.829657383294 4.87510394644 226 216 189 
-5.06920401668 0.881062242158 6.32352572462 177 167 142 
-5.59104778951 -0.668829418625 7.36911003224 112 110 111 
-4.93308753611 0.7791092722 6.79662899013 147 135 109 
-5.45072503689 1.16801240502 10.4385700465 136 126 114 
-3.99471680847 1.06609891055 6.70160445324 184 173 151 
-4.98049528552 0.888543799513 4.85923140633 179 167 143 
-5.49917761382 -0.0455714548299 7.33370301931 155 151 144 
-4.62941411072 0.87880426431 6.28178272564 195 185 160 
-4.71817483051 0.953899232207 4.86428768523 136 124 104 
-4.38013953349 0.993392387452 4.53606684747 211 203 193 
-4.43409925175 0.93920317467 6.81352515208 194 182 166 
-5.58941234059 0.626989238505 5.28803566643 154 143 112 
-5.2658211758 0.781513647831 4.8654176121 222 213 184 
-4.06836161214 1.0755026483 6.0732567857 156 146 131 
-2.93110034414 -0.518573239387 8.58575340882 215 217 216 
-3.7114576481 1.0321646463 4.9851175478 103 97 101 
-4.2314207348 0.968387006685 4.43366655609 102 99 91 
-4.46761919068 0.918028084983 3.85642709735 101 94 90 
-3.56048903398 1.08153939297 6.397295969 165 157 140 
-1.44279832514 0.937915560518 5.24855227082 226 226 238 
-4.75938804136 0.917248345783 5.36317019883 202 190 166 
-0.454103681863 1.25742737009 6.87419367138 60 62 68 
-0.615392161199 1.27033068726 6.93760951249 69 69 77 
-0.616771404975 1.27129284961 6.95009723999 69 69 77 
-0.510053911484 1.17207928113 6.83918676415 179 176 103 
-0.604067356046 -0.460299012469 6.94952375479 132 133 137 
0.0146252828961 1.13679746724 7.90104724941 130 121 114 
-5.39328005817 -0.373279139635 7.40263898213 95 93 94 
-8.80299414154 0.631801611328 10.2635454314 196 194 194 
-5.45616375402 0.0165163048129 7.4388697436 114 113 119 
-5.31834881694 -0.287190457215 7.39658139238 131 129 130 
-5.25438997809 0.804453773968 6.37297613982 157 146 122 
-5.3969668458 0.670231351182 6.78634009833 200 188 162 
-5.36094537649 -0.417087234246 7.29485420125 112 106 106 
-4.74486925867 0.820330991516 6.96838617178 184 172 147 
-5.61522817221 0.16269155093 7.35944888984 148 143 143 
-4.63930306468 0.929351312833 5.03789911696 223 212 187 
-3.76655236152 1.05394563602 7.00308676661 197 188 173 
-4.16982764119 1.01518006834 5.82649521184 210 199 175 
-5.03486759162 0.796791285006 6.36226391638 205 195 170 
-4.70278011475 0.816888859893 7.10336960299 202 189 171 
-3.77870754799 1.00620513054 4.88897539534 99 95 95 
-0.598657730167 1.09085478424 6.94713816757 63 62 82 
-9.71942800172 0.183759719619 10.1974730533 68 72 81 
-1.59229721876 0.899791514008 5.18002335535 240 240 247 
0.0230587175562 0.993649996196 7.94715098026 173 174 179 
-3.64093478855 1.03209742171 5.07512603542 205 201 193 
-0.523277172981 0.75063481245 6.91568133661 222 223 227 
-0.698019118214 1.19294619606 6.9442701382 209 201 194 
-0.698019118214 1.19294619606 6.9442701382 209 201 194 
-0.604356066877 1.09359397984 6.97165926597 59 58 83 
-1.44596293906 0.730497974777 5.65822723556 164 163 173 
-0.673800312754 1.25931088622 6.95333325918 186 178 174 
-1.76455748258 0.809205766067 5.24615217316 99 100 107 
-1.59999700229 0.901223001932 5.19448903021 237 237 246 
-1.3676610192 0.787041672157 5.63305720709 198 190 193 
-9.65273547664 0.648829143982 10.8126073238 173 167 167 
-9.3892114473 -1.3723941228 11.0327604828 110 115 119 
-7.22083085124 -1.90329447646 13.9244365996 109 108 106 
-9.83860355843 -1.12972454981 10.4178376966 224 223 219 
-3.84253452345 1.02082859957 4.85896711844 100 94 91 
-4.13361258529 0.976452130226 4.61399624092 103 98 95 
-5.71515055113 -2.96738872882 16.2278020596 149 151 163 
-5.42267927422 -3.15874117824 16.9950421584 128 129 141 
-4.3484351182 0.196809616969 18.6297981041 179 178 182 
-5.95454359451 -3.36284161291 16.2384855418 199 200 204 
-6.43410673455 -3.38185118594 15.2231752773 169 170 172 
-5.05318617675 -3.4301875008 17.0969195153 241 239 242 
-5.34964609411 -3.48851736816 16.9322314936 227 225 230 
-6.05580154832 -3.33137695274 15.666432506 194 192 195 
1.11751630801 -0.232839198541 4.63035421133 144 130 135 
-6.37786516051 -3.40376665768 15.3471608177 155 155 157 
-4.49554929552 0.156642162924 18.6671739871 83 82 88 
-5.10134642029 -3.46076075896 16.8864688143 128 126 129 
-8.39181054762 -0.332590617184 12.3818036918 69 67 67 
-5.05805603169 -3.4443001883 16.9345763677 226 224 227 
-5.0601820867 -3.34211890771 17.1277179165 137 135 138 
-4.4044147356 1.01024945904 5.42353373478 133 122 101 
-5.04884049887 -3.34859255775 17.7705237428 222 220 223 
-5.09292553255 -3.35127060727 17.5965077506 212 210 213 
-8.27389000462 -0.400213842651 12.3833854636 173 171 173 
-4.22873168577 0.176041458197 18.6526843183 120 118 121 
-6.0674944623 -3.44628106212 15.4736848697 130 128 131 
-5.12612479161 -3.51622259864 16.8699678239 239 237 240 
-6.41935678119 -3.35004339066 15.3210045526 176 175 179 
-8.23315081005 -2.8261204098 10.1597215919 105 104 109 
-5.07031296369 -3.28100726924 17.6597843126 174 174 176 
-4.91884321717 -0.0521571138004 11.7752141547 90 92 101 
-9.51821163661 -1.00737967016 11.0515568319 159 158 154 
-6.99534030435 0.500773430768 6.52458337289 146 137 132 
-4.6569521321 0.835362931324 7.10214945995 205 192 175 
-4.20516297555 0.964120905145 6.06256739899 182 172 147 
-3.70240429601 1.02107993344 4.99637772773 106 100 98 
-5.26873128472 0.778729075146 6.3624821767 182 172 147 
-5.53893504959 -0.336593013475 7.36941996519 110 104 104 
-3.84629228583 1.11257033081 6.46236219003 161 152 137 
-0.448947878779 0.849840752909 6.90612731326 206 207 212 
-4.06087011824 0.9906749251 4.63192057897 102 97 95 
-3.98919177969 0.993174571007 7.08371265593 243 234 219 
-0.420687840342 1.23208066579 6.92589643271 70 67 54 
0.0847998714315 -0.373573208328 7.91574563452 65 65 75 
-0.447518670555 -0.463331335951 7.00974580672 108 109 115 
0.0163972173266 1.38636369357 8.03548125872 55 54 54 
-1.40880063611 0.946937697639 5.38000557643 65 65 77 
-2.04021123035 0.711067556408 5.47087301678 193 194 199 
-1.89815744518 1.3038696684 8.95898254627 187 179 167 
-0.632612489865 0.929245689944 7.01240945876 71 70 57 
-1.36341277654 0.896014942786 5.73028003579 66 60 61 
0.721660476317 -0.502892362684 6.1398608174 92 92 100 
0.664419499852 -0.507345386077 6.18248795383 107 107 115 
-0.469462624303 -0.445374751517 6.94419376158 202 203 207 
0.687270048679 -0.513232174134 6.07147383328 170 170 178 
0.939300809722 0.576433895938 3.76157028193 216 215 213 
1.0496661528 0.740208629675 3.95551498215 67 67 64 
1.17829092297 0.0619904665496 4.54588337083 176 155 150 
1.1765040822 0.0623772614623 4.52482980179 176 155 150 
1.17186479951 0.121517438932 4.56571975718 168 151 148 
1.09912445998 -0.275461765415 4.62181483414 99 91 104 
1.17421255256 0.178902115286 4.55038431821 170 149 145 
1.1739789138 0.179448335916 4.55715593915 170 149 145 
1.13979844935 0.153756212133 4.57501366471 157 145 142 
1.1675752296 0.0826771745545 4.56486367058 121 102 98 
1.14801010169 -0.439879360693 4.61320946527 177 164 158 
1.20591197705 0.132027187358 4.53441706897 112 89 82 
1.14046824819 -0.125524497172 4.58839690843 118 104 98 
1.11785328215 -0.350701023763 4.65948090776 147 139 145 
1.14238861699 -0.358579729969 4.61060579044 113 100 102 
1.17129465745 -0.0139329595736 4.54971365751 114 93 89 
1.17190419396 0.0441016990814 4.5719259118 112 93 88 
1.18546241597 0.0786971898229 4.52400772306 107 87 80 
1.17834509465 -0.36786707785 4.60584230874 112 99 95 
1.16898998797 0.105852482832 4.5363482073 107 89 84 
0.767919484341 0.725635544852 3.46695166274 156 157 151 
1.19489612203 0.194148342319 4.52771087851 110 89 82 
0.866338835582 0.946904386461 3.62151046363 103 104 98 
-9.83475709336 -1.44496259243 10.6485326391 142 144 141 
-6.13639661802 -2.629774627 15.5263279735 146 144 146 
-9.50590209195 -0.93248025614 11.0769648263 226 220 220 
-5.48524356529 0.101404815802 7.31841711335 157 148 140 
-5.38386160731 -0.370476718833 7.38577276495 95 93 94 
-7.35443581954 -1.6391491334 13.7874998368 227 225 226 
-5.49201067085 0.465202282691 7.34135348053 166 157 148 
-6.47436508304 -2.74027219774 15.3928143331 121 120 125 
-5.76581604053 -3.32778424907 16.3886706294 201 201 211 
-1.30972414317 0.948435835342 5.55971243847 53 53 57 
-3.72514767916 1.07776036017 6.33114618173 163 152 131 
-6.05574138153 -3.40066981553 15.3150808183 230 228 231 
-8.43509603327 -0.174081855092 12.3528505376 155 153 158 
-3.67827045693 1.06917702133 5.53510930267 115 110 108 
-6.61728424732 -2.24597439354 13.9063674072 244 242 243 
-5.13238817365 -3.2779554626 17.5044731541 230 228 229 
-5.23742124242 0.608786394434 7.07315535189 140 130 104 
-4.54974749511 0.235548325115 19.0985727867 170 172 184 
-3.03595011129 -0.190998107743 8.6179550345 83 83 91 
0.864848113405 0.967225275529 3.618514065 92 93 87 
-5.356628054 -3.40409636965 16.9645838524 120 119 126 
-4.2093745448 0.541948077725 18.5165539755 91 93 99 
-5.0210512595 -3.1859581637 17.3930245605 225 223 224 
-6.11708249569 -2.62301183203 15.4913556523 144 142 145 
-5.39318593059 -3.31597669459 17.0780078635 138 138 148 
0.806505559555 0.919045694027 3.53939701569 220 221 215 
-5.1372906806 -0.170687923777 11.8995629417 225 224 225 
-5.13554558545 -0.259243919094 11.7724461075 73 71 80 
-4.88722639122 0.702845330906 7.13852976767 188 177 151 
-5.43701671855 -0.0583407899013 7.35894609679 152 147 140 
-5.54443122165 -0.535210074511 7.38931898275 204 198 198 
-5.47573945865 -0.0409638941062 7.39863392521 138 134 125 
-5.20449988214 0.820161808637 5.27071333179 176 164 140 
-3.0053445235 1.07976217059 6.47416567243 176 171 169 
-4.69073436235 0.776847228813 7.18114526605 152 139 121 
-4.10792835463 0.97063712835 6.91112428346 155 143 126 
-2.12149094824 1.22339697254 9.81621605835 158 151 135 
-1.97498252378 1.32636257622 9.4386471517 211 204 188 
-8.56606622759 -1.45141282661 12.2999882107 183 181 184 
-2.10241275543 1.29997614276 9.25208382309 173 165 152 
-1.37161198712 0.815084633727 5.5620735668 99 97 108 
-2.89811889414 -0.403416157049 8.63902421557 199 200 204 
-1.99610049107 0.699180882532 5.32767339534 110 111 116 
-1.41438179829 0.754166582833 5.69113986867 88 84 89 
-2.13813556865 0.904229222578 5.37759253591 241 240 243 
-1.40017532762 0.756944395064 5.43285292223 206 206 214 
-2.13605734108 1.01821083401 5.38851904405 230 228 228 
0.804712886177 1.00527554399 3.49486321 93 94 88 
0.624515371162 1.08217635838 3.41477108947 180 181 176 
1.00812940692 0.856552880497 3.79782623223 213 213 205 
0.734960856008 -0.539621622662 6.16687159552 231 231 237 
0.803530629128 1.02616894496 3.50915038807 90 91 83 
0.740848925776 0.739887193108 3.43877652645 221 222 216 
0.921476682374 0.897833989103 3.70323649852 78 78 73 
0.906912093855 0.885956371675 3.729875054 197 198 192 
0.887692718073 0.951677489129 3.61461648885 175 176 170 
1.05120998767 0.768123422313 3.94613340167 91 90 86 
0.822672715827 1.01434921602 3.51070750284 185 186 180 
0.926839471366 0.95115085257 3.59458851223 187 186 182 
0.843571553883 0.954506650093 3.60318577682 184 185 179 
1.18511839562 -0.290774431445 4.57812791923 157 143 143 
0.781519371965 0.722421050551 3.489838486 221 222 216 
0.858483253595 0.6425841464 3.61740089665 218 217 215 
0.894616442557 0.906611311962 3.69511673509 142 143 137 
1.16429174714 -0.407914078779 4.58401575092 163 150 144 
1.22345501289 -0.413677272986 4.56914198306 170 155 148 
1.14267832673 -0.338054719713 4.61020370961 108 99 101 
1.17160026034 -0.0733373081292 4.57556304969 120 99 96 
1.14457087644 -0.398156118959 4.63148761943 113 99 96 
1.15382975123 -0.347426216146 4.60951914544 158 147 149 
1.17231526122 -0.0374092560513 4.56577593664 112 91 87 
0.762726193739 0.945340123318 3.46050772219 223 224 218 
0.929419196697 0.85611461818 3.72607693195 168 167 163 
0.993394473618 0.722010898228 3.87121799119 217 218 213 
1.40854470346 -0.0737522954927 4.41950290696 101 89 88 
1.36493183679 -0.017067795206 4.42665749175 180 164 149 
1.24539653734 0.914476183471 3.59643384193 224 224 214 
1.1754379711 0.901374724102 3.53938920341 220 220 210 
1.30151654558 0.380294627934 4.43311193518 175 174 172 
1.36599028811 0.0680964798751 4.42545682397 180 160 146 
1.25555528955 0.775089459402 3.82074828536 215 215 205 
1.31242052451 0.705209067532 3.88872705714 214 215 207 
0.988274336807 0.813656102822 3.82961377901 109 108 103 
1.11136487999 0.681712921162 4.05562529513 95 96 91 
1.36705014564 0.175014217463 4.41308063169 164 145 132 
1.36737821028 0.234892279047 4.40988121429 170 152 140 
1.36563128712 0.61641413025 4.36053914695 197 187 185 
1.32419851343 0.336694500294 4.42650496224 77 68 69 
1.06002487794 0.780848383441 3.83312137523 191 191 181 
1.1486346121 0.862042986425 3.59203097366 140 140 130 
1.17021871855 0.298114950508 4.2132344751 253 248 245 
1.28268555878 0.23597009556 4.47820443217 176 157 140 
1.21969149291 0.735625936469 3.83152863468 116 117 109 
1.38464390612 -0.413966038793 4.45072674089 186 173 168 
1.39262126294 0.587971269916 4.37627082581 89 78 75 
0.920659462141 0.903147073132 3.73789211909 77 76 72 
1.22795408545 0.881316639224 3.55447048049 211 211 201 
1.4901087906 0.626286775409 4.54170103069 130 122 120 
1.39890017805 0.645577820155 4.39940641817 139 132 130 
1.04953546378 0.805066198932 3.81843873605 98 98 88 
1.196578743 0.748699509914 3.82420789001 199 200 192 
0.641561495791 1.03881642826 3.48420893205 207 208 203 
1.16471246479 0.800056864846 3.74481941642 117 117 107 
1.39862151049 -0.000348328060948 4.42996213161 89 75 72 
0.909665920976 0.92970238766 3.57715297102 89 88 84 
1.32983920751 0.600541121333 4.40316371443 96 90 89 
1.14277672175 0.651139280377 4.0462819998 192 193 188 
1.13373826912 0.688331392263 4.06483176424 162 163 158 
1.14375757256 -0.480867217633 4.5911736366 139 126 120 
1.24444085345 0.00621431849071 4.47077658951 145 125 114 
1.2071357074 -0.0600971571246 4.53301941088 171 152 142 
0.683752821783 0.724886637885 3.49003212396 115 116 111 
1.49052161751 0.600079502443 4.56580277726 75 65 64 
1.3181380227 -0.056273328282 4.4275555821 143 127 114 
1.28659339216 -0.127161594879 4.5072793417 200 186 173 
1.18369391309 -0.537001934152 4.6239752886 180 169 164 
1.24948410284 -0.132610662489 4.51426828202 188 174 163 
1.39899749942 -0.0870794018149 4.42701327336 76 62 58 
1.27326006399 -0.308055969121 4.51742786568 156 141 134 
1.41215529878 0.531098196682 4.43680413712 73 61 61 
1.34718229264 0.320441943662 4.39252247532 140 123 116 
1.38089080449 -0.0174042473856 4.41355030774 177 162 153 
1.33448766361 0.0306657132902 4.47698783606 162 143 126 
1.28937241643 -0.354117816145 4.50901097094 192 177 170 
1.11656617317 -0.318452023523 4.63818161047 141 136 139 
1.37389948053 -0.179061967085 4.46679264369 156 142 134 
1.36135121513 -0.0892110376867 4.44757165504 143 129 120 
1.36135121513 -0.0892110376867 4.44757165504 143 129 120 
1.25693213783 -0.439440594329 4.50714478744 184 170 161 
1.15518331105 -0.0836779326058 4.61272835696 157 139 135 
1.15035551746 0.0949953062282 4.5659296368 150 135 130 
1.40407481648 -0.409462672563 4.4470683993 107 93 94 
1.28930637304 -0.29590540453 4.5170737162 195 180 173 
1.3271525147 0.649937516281 4.39745826173 108 109 104 
1.39732200571 -0.0284738696432 4.43160685758 92 78 76 
1.16486913862 -0.381069409929 4.60186193638 164 151 145 
1.11529034636 -0.264758656449 4.64326600607 144 136 141 
1.2852947001 -0.0457712230083 4.4958706292 187 171 158 
0.999131757361 0.827267885156 3.82838717859 149 149 142 
1.26429252211 -0.144665222558 4.5369048406 146 132 119 
1.26475609525 -0.145132487191 4.54488298794 146 132 119 
1.38626425493 -0.102511980833 4.43225123516 168 153 147 
1.18289551622 0.0939094922002 4.56752201421 161 141 134 
1.42208067104 -0.0264091399267 4.46676776313 73 61 61 
1.38769550201 -0.247990053133 4.42576459742 177 164 158 
1.39084213358 0.319284680339 4.3961537875 86 71 68 
1.37991975054 0.278645788997 4.4032910221 154 137 131 
1.3783085831 0.314015686729 4.39091994114 142 125 121 
1.39260021736 -0.470914919301 4.43518700165 160 147 150 
1.3589487733 -0.187891561256 4.45398072227 197 183 173 
1.24872963176 0.805663353367 3.67411913445 204 204 194 
1.40518302503 0.39463840002 4.43031178929 106 91 91 
0.750933597088 0.696467899107 3.46032242916 192 193 187 
0.994463276151 0.857320510927 3.69925178407 200 200 192 
1.1959180638 0.316055141942 4.20534609324 110 104 104 
-8.45747307325 -0.211443182672 12.1337712757 208 205 201 
-0.405872341744 1.30516122998 6.91086378869 133 134 138 
0.647758922046 -0.520203597274 6.16180590078 224 225 230 
-1.45087102271 0.921881687777 5.35342431531 232 232 242 
-1.91760833483 0.687953521459 5.46712488381 229 230 234 
0.640262437601 -0.496102959229 6.09907745674 131 132 136 
1.3948581096 0.234964982904 4.3828541252 85 69 61 
1.21644171028 -0.45307533809 4.65134222283 176 162 154 
0.752580118896 0.930064096283 3.44209055726 170 171 165 
1.02915927743 0.865595020288 3.66578310482 105 105 97 
1.00840914314 0.841118942712 3.8390044386 152 152 144 
-0.437564509334 1.27298029526 7.10035808102 180 174 173 
0.920480481936 0.845142282534 3.71762520407 131 130 126 
0.866564013925 0.712912618832 3.65839402253 181 180 178 
1.00000891722 0.874737805285 3.68676666745 178 178 170 
0.892968508357 0.649919757593 3.67709709393 196 195 193 
0.993066659682 0.790742386261 3.84325186444 156 155 153 
1.20292223624 0.863122698193 3.56422205516 139 139 129 
1.20634986607 0.341864604271 4.19965627182 191 186 183 
1.36763780606 -0.06038858687 4.43752960643 128 113 106 
1.30166685832 0.26583670288 4.4234830051 130 111 99 
1.38608783749 -0.191578729861 4.42344090762 173 158 153 
1.17503285146 0.00452970311189 4.52183721721 178 156 150 
1.17567120551 0.00408498894908 4.53688349145 178 156 150 
1.2203772127 0.0919812605228 4.53827763643 160 140 129 
1.32946983148 0.570827358585 4.40384665381 75 69 69 
-7.0145914726 0.184982824027 6.52462771417 56 60 69 
1.16476670875 -0.466646524002 4.57303086677 169 156 149 
1.38899177298 0.496794777146 4.37580958565 75 63 63 
1.17092870202 -0.330876108522 4.58288635762 113 102 102 
1.24361456468 0.0226725004225 4.50994351099 174 154 143 
1.15140482326 -0.111159467381 4.59834219192 158 144 136 
1.38486672429 -0.0754480733714 4.41985681431 167 152 148 
1.11577690689 -0.46139679332 4.64658005207 176 164 163 
1.44526366499 -0.0388166971126 4.51431643796 106 94 95 
1.41012334385 0.961601368037 3.18271674558 229 229 221 
1.36398387571 0.947357006484 3.14342589617 233 233 225 
1.55492753283 0.758636237443 3.49279866653 228 228 218 
1.62923292699 0.719595305087 3.58313517078 89 90 82 
1.41263669547 -0.0397952353166 4.4766519641 112 97 92 
1.48994093205 0.850980514954 3.38692641899 125 125 115 
-7.45116180701 -1.59193166764 13.7981912401 112 111 109 
-5.78142656712 -3.22017396382 16.5869979383 125 127 139 
-5.65044441331 -3.44615993235 16.7041528564 122 120 131 
-5.06449068851 -3.24106736846 17.7566150288 230 228 229 
-5.13365246078 -3.35592978602 17.5371547483 221 219 220 
-3.48580017749 1.11121397745 6.88733916505 205 196 181 
-5.34321789955 0.763775708071 6.63108137121 205 195 168 
-4.30249934626 1.02352136833 5.63931847879 134 128 111 
-3.96260842665 1.02962896859 7.73839851571 159 152 136 
-2.07521134079 1.33936229267 10.8591169271 178 171 152 
-0.657321622423 -1.13424291672 7.11678649123 201 201 210 
-3.02717347017 0.520812944651 6.79293050049 55 50 48 
-3.11893442275 1.07686480586 6.58384308506 202 193 186 
1.13958683469 -0.16054703222 4.59329498628 105 91 91 
-2.13427024056 1.06000686688 4.93459569743 166 164 167 
1.39265762016 0.439564562723 4.39644032851 67 55 55 
-1.96641112657 0.80092395801 5.35358554867 117 117 125 
-2.155971886 1.08317596533 5.02083286375 191 189 191 
1.516710414 0.65357905456 4.55963544718 91 88 84 
0.967591725232 0.846212610631 3.71840666125 207 207 198 
1.0883591631 0.673370136706 4.03898106571 196 197 192 
1.17114895422 0.12218256601 4.5589852553 178 160 154 
1.39547974755 0.29273773158 4.41016739726 79 62 58 
1.40146092136 -0.145488497641 4.44537038391 95 81 76 
1.51371643262 0.630685752053 4.56414158536 86 81 79 
1.40226942087 -0.204845456786 4.44466924673 99 84 82 
1.38279154584 -0.0422463345765 4.41943589389 179 164 158 
1.43504224633 -0.457403250306 4.4656234603 73 69 73 
1.45833410434 0.999070864334 2.29293750944 235 235 233 
1.44897462565 0.595921179709 4.49145987449 81 71 70 
1.36566377881 0.590343759816 4.40352456975 100 91 85 
1.38451323958 0.984572603857 3.17269076195 86 86 78 
1.38451384612 0.984572238544 3.1726807507 86 86 78 
1.40850861898 0.615610864666 4.40363436586 174 164 160 
1.54949093585 0.606881136992 4.63494491194 71 64 64 
1.39303424709 0.350993279522 4.38361533556 79 64 61 
1.27688250736 -0.558310389839 4.54310199296 161 146 139 
1.40424745179 0.982065697336 3.14762903303 90 90 82 
1.21341255674 -0.538529207693 4.61398135113 185 171 163 
1.39323489352 0.264899174675 4.42234483791 80 65 54 
1.40588263284 0.54800567554 4.42854804523 108 96 96 
1.11704581673 0.655507715307 4.03718497502 164 165 160 
1.38154117122 0.0751764981659 4.41376962273 174 156 142 
1.35449479277 1.02090557997 3.09597864108 236 235 230 
1.76609930884 0.626586340597 2.64161015159 143 125 105 
1.75109977518 0.653809242831 2.65116767955 147 129 109 
1.45178862392 1.01873110981 2.31934529857 88 87 85 
1.66864722973 0.962841309247 2.13871762057 57 56 54 
1.75845168017 0.203076348821 2.67219622915 231 212 195 
1.63002742329 0.720091517139 3.58530460613 93 93 85 
-5.19258103492 0.834727751016 5.77260854678 187 175 151 
1.22056351029 0.774436159831 3.85822051399 193 195 184 
-9.13603844395 0.660618001196 9.37189228478 156 153 142 
-7.76087514355 1.0805648155 13.2148552564 100 95 98 
-7.34306471054 -3.02161670248 13.6190787571 123 121 124 
-4.67001126882 1.00596961643 18.1032359212 172 172 177 
-1.512783642 1.35770462494 8.97354653634 207 199 187 
-5.49154783448 -1.58315724403 7.23917374917 220 218 219 
-4.0954649642 1.00092411355 7.46788590679 190 181 166 
-3.53587280694 -2.91468829083 15.2217277647 135 134 135 
-2.90293412353 -0.485325206045 8.79719513433 221 221 223 
-3.6177188012 1.10918589669 6.61093296692 160 147 137 
-4.40983661739 0.924859624376 6.83321773711 161 150 128 
-8.44980154105 0.59904809364 12.3953622761 89 85 86 
-2.07213569285 1.35361134707 9.72674380192 215 208 190 
-2.20217255171 0.894011132487 5.44287783905 85 83 86 
-0.687366723737 1.1717007122 9.7426181717 88 90 103 
-0.687366723737 1.1717007122 9.7426181717 88 90 103 
1.37315315513 -0.123593042811 4.42625967652 189 174 166 
-0.311316656289 -1.01491893665 6.91317133936 214 215 219 
1.40451392952 -0.234883649082 4.45194863247 92 78 78 
1.14317469789 0.240887532565 4.55499044799 164 151 148 
1.40277332953 -0.262337929519 4.45132467445 95 82 78 
1.11777022469 -0.42687820565 4.65393879541 148 138 135 
1.37913549229 0.24783152799 4.38936464957 169 152 142 
1.33495502165 0.315409427286 4.43255474177 102 87 84 
1.32710420414 -0.515573509613 4.5082294357 193 179 170 
1.37725125271 0.342379770466 4.41605142134 140 125 119 
1.39190067309 -0.447964515553 4.44868633572 174 161 157 
1.44735715132 -0.492763391345 4.4291243756 163 148 147 
1.39789747978 0.000460160441888 4.43484016101 82 70 65 
1.21398104032 -0.448855091449 4.61303457089 175 162 153 
1.39451621366 0.149496700795 4.42942695025 87 70 59 
1.40826908974 0.100949555153 4.46421437869 107 89 84 
-9.96011186151 -1.09117512419 10.4171086651 156 155 151 
1.53235092698 -0.511899375317 4.41861786893 156 141 143 
1.52953721834 -0.616200618333 4.43710838099 211 200 196 
-10.3087753953 -0.153606034299 10.9100477741 121 124 131 
1.39887686471 -0.0573610284684 4.43542706526 80 65 59 
1.41116536932 -0.626153077663 4.48428022327 113 102 98 
1.37987819181 0.0439231113215 4.41390893428 175 158 150 
1.40457022909 -0.323944737105 4.47564515112 79 67 68 
1.44076032993 -0.585986018378 4.50048732759 144 132 126 
1.39226746141 -0.614024117655 4.4877667606 175 162 156 
1.38593138577 -0.162207683445 4.46692001465 189 176 166 
1.3948478988 -0.581108078045 4.48886895173 184 171 164 
0.760360357933 1.01388560001 3.45238089727 216 217 211 
1.39146969896 0.471536110841 4.4413891828 82 73 73 
1.14113217387 -0.242223289125 4.5987775501 116 102 102 
1.35340223558 0.246137029099 4.43115212267 184 168 154 
1.3545931587 -0.0698230542566 4.44951074638 205 188 180 
1.19822177218 -0.569693161816 4.63357806287 176 160 161 
1.14469212758 -0.712875548781 4.64193668124 183 172 171 
0.766844045126 0.748877440147 3.47081183375 145 144 143 
1.09767827448 -0.240728072573 4.64046559547 77 71 75 
1.39339194213 0.379077105351 4.42395772202 73 61 61 
1.77841419252 0.823384482351 2.32416193649 99 68 58 
1.91225914809 -0.137789937258 2.44155114923 206 185 166 
1.89983857018 -0.173534696278 2.46423368879 171 156 143 
1.29000541223 1.01938924825 3.12206416716 239 239 233 
1.69750241935 0.982026912543 2.15342959377 94 93 91 
1.91566838138 0.314562291499 2.39350792153 169 148 130 
1.98758176168 0.139421551246 2.33555877374 153 134 117 
1.98758176168 0.139421551246 2.33555877374 153 134 117 
1.00473261499 1.05265826176 3.10095048616 162 161 159 
1.87111397212 0.0628148195965 2.45378485717 172 153 136 
1.79688814116 0.301223370137 2.58064922064 156 136 117 
1.89762915179 0.0606984986124 2.43026259221 168 150 131 
1.9444253616 0.402549309888 2.34920200952 166 139 118 
1.81215040176 0.674402057071 2.50652119683 151 132 108 
1.90049964923 0.436716146281 2.40300202491 151 130 111 
1.91966086484 0.144550960515 2.41215320042 167 148 124 
1.87505339026 -0.222717574192 2.48733079488 183 167 154 
1.93195574691 -0.232938484577 2.42150398503 178 162 149 
1.90843129339 -0.259335948229 2.45176023858 180 164 151 
1.96183885174 0.403414677702 2.32015546115 236 213 199 
1.87658875311 0.717261591333 2.41614719111 224 204 187 
1.89058960886 -0.199270335943 2.46011722052 225 208 195 
1.68818348634 0.967193512946 2.14178795373 59 58 54 
1.70471838687 -0.336025181284 3.05307381639 85 75 69 
1.69116853818 0.957767139536 2.14618649489 243 243 239 
1.73799995713 0.80293774213 2.31641807146 251 239 224 
1.70364170218 -0.307753160766 3.03898871975 65 59 57 
-9.57051266952 -1.92840638667 10.7311151258 198 197 197 
1.81070510446 0.285910631588 2.56190979697 225 206 190 
1.90181918761 0.71125422545 2.36842931138 201 182 162 
-4.40354925254 -0.388675907821 9.1367957634 200 201 205 
-5.23909801887 -3.54381008455 16.8895738313 227 225 228 
-9.31037472133 -2.04735337118 10.7559663713 128 126 127 
-7.57841351706 -2.83380027635 13.2321927108 142 140 143 
-5.96265314084 -3.3404379718 15.9448903536 199 201 213 
-8.23925099747 0.750910195665 12.4851544967 131 129 129 
-8.17662123893 -0.327493884507 12.357131434 70 67 80 
-6.51528934689 -3.48975804385 15.5060807432 196 194 197 
-4.73069324443 0.984084450353 17.9515016968 165 167 172 
-2.23486280652 1.28843226186 10.7701691358 134 128 107 
-5.09784715665 -0.172987980803 11.8302862624 226 227 231 
-4.50799484713 0.886744095295 6.98534653497 202 193 178 
-4.4557470388 0.984985388429 5.57330049442 220 209 187 
-4.79308303375 0.733527908349 6.88669157567 140 128 102 
-1.9040526158 0.8864643029 5.25616645227 144 144 155 
0.155112593487 -0.388966871425 7.98987844802 76 76 84 
1.35682370618 -0.0472703368649 4.46847681552 187 170 160 
-0.406705345872 1.30057618695 7.07674891384 114 109 111 
1.40079218893 -0.114630978195 4.45173081808 91 78 72 
1.37573422759 0.133703323771 4.42413876702 163 145 132 
0.979634693561 0.84220705017 3.84914363388 100 100 92 
-6.02655765027 -3.48339850027 16.08311401 126 126 129 
1.2847577639 0.344615964467 4.42150598329 174 167 167 
1.95193202986 0.374384597705 2.35671497411 158 138 121 
1.441552009 -0.690651060395 4.51927248202 186 175 171 
1.41142404234 -0.694268591089 4.51751159512 103 92 88 
1.41142404234 -0.694268591089 4.51751159512 103 92 88 
1.85324563611 0.397284655114 2.47204200897 226 205 186 
1.41070124031 -0.715715089456 4.50325948622 112 101 97 
1.39308884661 -0.643492997923 4.50486031705 183 170 164 
1.41087586213 -0.660074822525 4.5008980153 99 88 84 
-10.0037801772 -0.16547718387 10.3925835921 114 118 127 
1.39493021895 -0.731510848144 4.48741756418 180 169 165 
1.16784620107 -0.805682564342 4.64528806294 182 174 172 
1.46282678847 -0.690046527213 4.5043114285 167 154 148 
0.904895287143 0.999324217643 3.42843683013 211 210 206 
-9.20218078025 0.666711295343 9.48082555298 168 161 153 
-8.41764578079 -0.219086356077 12.3949556726 64 62 66 
-0.808982268077 -0.929399394445 7.19566411332 203 204 209 
-2.88294899324 0.425005367264 18.5385959574 243 243 243 
-4.92046578342 0.741729849073 7.32066484929 145 133 107 
-6.64036614963 -1.85313848545 13.6755928526 242 239 248 
-2.37880983062 1.1930830909 9.76067534335 193 190 188 
-2.19193890958 1.24219462324 10.0331984748 152 145 130 
-2.399777466 0.411322170703 6.01288780901 215 219 225 
-5.4662451229 -3.37095975882 17.0177277285 189 189 192 
-5.59476301268 0.411594543512 7.3227596557 167 164 155 
-6.05923312358 -3.44022231618 15.4384748088 143 141 144 
-6.07373898201 -2.71465229581 15.4114933148 130 129 136 
-0.756418019545 1.31617140194 7.04281484155 118 119 113 
-7.67734149339 1.17071958509 13.0421202423 140 132 136 
-7.39054075705 -1.76274713618 13.7069011689 114 113 111 
-3.65949756063 0.574505027064 19.0469974558 214 216 224 
-4.85012358171 0.958625053101 17.5527625286 181 185 190 
-7.18515934503 -1.67350480083 13.7553081435 228 226 232 
-2.0801811817 0.180054342323 21.6837943208 87 86 94 
-2.07341807325 0.175098910851 21.684270517 87 86 94 
-6.33966202018 -3.49201693281 15.2691046179 126 124 125 
-2.37440846804 -0.277188603313 9.74278170431 189 190 198 
-4.97242106061 0.860981906788 6.00232092029 167 156 134 
-5.24709311256 -2.61958498684 16.9393208559 226 225 230 
-3.49686675315 0.501529668927 18.6663622842 90 94 103 
-5.01838760694 -3.39167531873 16.953024355 234 232 233 
-2.3511773736 -0.437341464593 10.07918416 91 91 103 
-8.51300738847 0.183930029622 12.5104345173 66 65 73 
-1.76178624009 0.753660574906 5.12044515232 165 165 173 
-1.79456297297 0.751033720169 5.18110420643 165 165 173 
-1.90902570729 0.671857756105 5.40552681486 123 123 131 
-1.88072099686 0.807047895352 5.2083495128 214 215 222 
1.39559516341 0.0621766514939 4.4175853114 93 77 68 
-1.84868565891 0.938857390868 5.10038565966 168 172 179 
-1.84865074564 0.938707245295 5.09868416741 168 172 179 
-6.29804380692 -3.46718775191 15.2954357419 196 194 195 
-8.9224212786 -0.18318476245 12.5420565364 77 76 77 
-3.81471203107 0.439621235258 18.1879190227 97 98 108 
-2.47462766196 1.19599555589 9.78647359735 148 136 120 
-7.38198232574 -1.5929897228 13.8305394768 233 232 230 
-8.95962813072 0.553880434996 10.4987819111 163 163 158 
-7.89696170551 0.408542062083 12.2557804284 55 58 73 
-7.7204542703 -0.417596039435 11.9292397776 194 196 195 
-9.52900602132 -1.00365894958 11.0639213567 161 158 151 
-7.41291428793 -1.76890623708 13.7438582536 114 113 111 
-3.82527002492 0.38506150523 18.1601169254 182 185 191 
-5.22579855027 -2.94579883715 17.0395733135 231 229 230 
-6.00123933104 -3.17917706796 15.3830732108 138 139 144 
-5.437252844 -2.6302578033 16.9995985573 125 125 134 
-5.44275911493 -2.63117017767 17.0142076308 125 125 134 
-4.57211089702 0.935919988883 6.09373905425 202 192 167 
-4.68791564891 0.938584934637 5.43056217946 169 159 136 
-3.83846051068 0.387118393328 18.1985880311 182 185 194 
-3.62344413803 -3.03551927654 14.7964521773 175 175 175 
-7.07864547546 -2.77998716559 13.8876154327 174 172 175 
-9.77399784927 -1.97249566234 10.7494144594 92 94 101 
-9.5234692134 -2.15924577302 10.7062893695 206 204 205 
-8.43245345518 -0.228307937912 12.4151855174 64 62 66 
-8.41279585157 0.49282568581 12.3480566622 56 52 53 
-8.56099888729 -0.082456058333 12.2761952662 80 80 78 
-6.7700760193 0.0446927010417 11.2950138317 56 58 73 
-3.79922310866 0.238934080444 18.0994894379 77 82 93 
-5.50527177808 0.00152596105627 7.40984707391 93 93 84 
-5.93495316154 -2.71746020118 17.4626984969 139 140 147 
-3.96135427043 0.275773172982 18.1076193833 240 238 242 
-4.59012688311 0.825796774245 6.72438474023 154 143 126 
-3.61416652541 1.06195328671 5.79674604527 197 186 171 
-8.59319580404 0.0728183605929 12.2415812818 79 80 80 
-7.67627973665 0.945520702083 12.5290784368 126 120 120 
-8.49943425622 -0.308298767546 12.3311302467 174 171 164 
-5.51037718311 0.297138094131 7.23053089249 159 159 157 
-8.1483613457 -2.03021204974 12.7823828922 189 188 186 
-4.71376125136 0.892234843641 6.06852229568 167 156 134 
-5.03397831029 0.873970621721 14.7396811232 168 168 174 
-8.13200679924 -0.414818278026 12.1793885347 198 197 203 
-4.97941568965 0.80036793133 6.46862353965 195 185 160 
-6.07840818842 -2.77544315941 17.3133531681 141 141 151 
-5.44458791767 -3.43257886143 16.9894564441 123 122 128 
-7.03008427599 -2.70353147799 13.7112457468 147 145 146 
-6.11844216583 -2.83991356678 15.5002372739 145 145 149 
-5.04867050862 0.868033366317 14.4552182439 183 183 184 
0.689278728275 0.717856684008 3.46717649044 152 149 148 
-8.18393667195 0.511367516832 12.3728182938 145 145 148 
-8.34214746654 -0.332798672495 12.3231016334 59 58 65 
-8.70979137242 -0.111805798861 12.3945012036 177 179 177 
-8.70826793012 -0.104191923734 12.3924644836 176 176 173 
-5.63192600773 -0.133397928935 7.44539079043 157 153 149 
-8.7149307519 -0.376124340144 12.3386044057 69 68 71 
-8.5771224222 -0.137738258183 12.3616858196 83 81 80 
-7.10613074965 -3.08977217776 13.6256251838 209 207 208 
-6.31237601129 -3.38693081608 15.0762824256 193 192 198 
-8.85347355212 0.0532659764155 12.4728793614 77 79 83 
-1.73669372599 0.842652909081 5.10012771408 114 115 120 
-7.97396435472 0.662369950763 11.0246139717 70 71 65 
-8.39587980406 0.724686289519 11.7278342627 180 177 174 
-8.8748686058 -0.357259649964 12.4887903447 76 77 80 
-9.15577864408 0.570490457298 10.6361941381 125 120 117 
-7.30432269269 -1.46274054859 13.3526032913 174 172 175 
-9.08957328254 -0.206834807306 12.5962905971 65 75 75 
-8.98037870519 -0.277992869963 12.4783643124 141 146 150 
-6.37199440049 -1.10368101546 10.9481837459 184 184 181 
-7.17184352743 -2.59627703428 13.5639812757 229 227 228 
-7.44740789989 -1.52282222296 13.3620144912 240 239 237 
