map1_c : [[-136.019, 14.3032, 87.5125], [-94.534, 20.39, 152.117], [-106.546, 14.2017, 165.157], [-178.318, 14.0985, 116.721], [-165.559, 6.24683, 76.5498]]
[[-136.019, 14.3032, 87.5125], [-94.534, 20.39, 152.117], [-106.546, 14.2017, 165.157], [-178.318, 14.0985, 116.721], [-165.559, 6.24683, 76.5498], [-136.019, 14.3032, 87.5125]]
map2_c : [[-59.1637, 1.78993, 63.3466], [5.31772, 17.793, 70.7281], [6.25929, -20.5368, -17.9732], [-19.9337, -17.0671, -21.3606]]
[[-59.1637, 1.78993, 63.3466], [5.31772, 17.793, 70.7281], [6.25929, -20.5368, -17.9732], [-19.9337, -17.0671, -21.3606], [-59.1637, 1.78993, 63.3466]]

map2_transformed : [[-196.575, -1.9911, -51.1017], [-143.879, 7.66699, 115.384], [-180.265, 8.36853, 164.755], [-277.403, 1.04477, 131.265]]
[[-196.575, -1.9911, -51.1017], [-143.879, 7.66699, 115.384], [-180.265, 8.36853, 164.755], [-277.403, 1.04477, 131.265], [-196.575, -1.9911, -51.1017]]
map3_c : [[-28.0453, -2.31372, 14.3813], [-7.8109, -0.777252, 0.328812], [-231.369, -48.4304, -94.5733], [-246.327, -12.1634, 24.5438]]
[[-28.0453, -2.31372, 14.3813], [-7.8109, -0.777252, 0.328812], [-231.369, -48.4304, -94.5733], [-246.327, -12.1634, 24.5438], [-28.0453, -2.31372, 14.3813]]

map3_transformed : [[-277.472, -18.661, 62.206], [-251.109, 1.642, 46.661], [-207.646, 11.272, 74.641], [-172.511, -0.871, 69.162], [-140.435, 15.132, 114.639], [-163.865, 13.889, 153.128], [-261.573, 6.613, 110.051]]
[[-277.472, -18.661, 62.206], [-251.109, 1.642, 46.661], [-207.646, 11.272, 74.641], [-172.511, -0.871, 69.162], [-140.435, 15.132, 114.639], [-163.865, 13.889, 153.128], [-261.573, 6.613, 110.051], [-277.472, -18.661, 62.206]]
map5_c : [[-320.714, 26.124, 93.0599], [-296.854, 22.687, 59.203], [-357.332, 17.223, -60.036], [-433.695, 11.455, -13.794], [-376.631, 23.808, 77.564]]
[[-320.714, 26.124, 93.0599], [-296.854, 22.687, 59.203], [-357.332, 17.223, -60.036], [-433.695, 11.455, -13.794], [-376.631, 23.808, 77.564], [-320.714, 26.124, 93.0599]]

total : [[-586.029, 0.613, 61.913], [-587.067, -8.468, 13.504], [-315.56, -8.77, -61.916], [-258.415, 1.632, 39.525]]
[[-586.029, 0.613, 61.913], [-587.067, -8.468, 13.504], [-315.56, -8.77, -61.916], [-258.415, 1.632, 39.525], [-586.029, 0.613, 61.913]]
map4_c : [[-23.379, 17.95, 302.138], [-14.817, -16.629, -10.535], [103.657, 19.557, 237.038], [-25.897, 26.957, 332.512]]
[[-23.379, 17.95, 302.138], [-14.817, -16.629, -10.535], [103.657, 19.557, 237.038], [-25.897, 26.957, 332.512], [-23.379, 17.95, 302.138]]

total : [[-649.989, 1.82, 83.747], [-651.12, -6.293, 41.744], [-587.368, -8.395, 13.431], [-569.138, -9.693, 93.357], [-539.609, -2.209, 160.765], [-591.198, 0.459, 166.965]]
[[-649.989, 1.82, 83.747], [-651.12, -6.293, 41.744], [-587.368, -8.395, 13.431], [-569.138, -9.693, 93.357], [-539.609, -2.209, 160.765], [-591.198, 0.459, 166.965], [-649.989, 1.82, 83.747]]
map6_c : [[-103.098, -10.309, 66.342], [-52.902, -12.723, 68.107], [-16.991, 12.171, 190.629], [-71.013, 8.564, 213.418], [-120.054, -20.543, 182.092], [-129.305, 3.98, 116.059]]
[[-103.098, -10.309, 66.342], [-52.902, -12.723, 68.107], [-16.991, 12.171, 190.629], [-71.013, 8.564, 213.418], [-120.054, -20.543, 182.092], [-129.305, 3.98, 116.059], [-103.098, -10.309, 66.342]]

total : [[-675.285, -7.186, 157.914], [-569.766, 12.194, 147.173], [-572.652, 14.358, 175.376], [-634.41, 18.514, 220.74], [-671.569, 0.457, 217.627]]
[[-675.285, -7.186, 157.914], [-569.766, 12.194, 147.173], [-572.652, 14.358, 175.376], [-634.41, 18.514, 220.74], [-671.569, 0.457, 217.627], [-675.285, -7.186, 157.914]]
map8_c : [[-130.466, -16.415, -42.933], [-8.068, -16.867, -80.232], [-6.392, -6.648, -49.006], [-74.687, 0.236, 7.808], [-103.246, 43.948, 28.144]] 
[[-130.466, -16.415, -42.933], [-8.068, -16.867, -80.232], [-6.392, -6.648, -49.006], [-74.687, 0.236, 7.808], [-103.246, 43.948, 28.144], [-130.466, -16.415, -42.933]]

[[-639.761, 15.9559, 202.271], [-662.13, -2.57768, 148.376], [-570.997, 9.13447, 165.073], [-571.366, 11.0407, 200.746]]
[[-639.761, 15.9559, 202.271], [-662.13, -2.57768, 148.376], [-570.997, 9.13447, 165.073], [-571.366, 11.0407, 200.746], [-639.761, 15.9559, 202.271]]

total : [[-232.543, 35.3875, 282.981], [-245.99, 24.594, 212.14], [-389.523, 17.8512, 223.404], [-387.559, -91.9851, 410.015]]
[[-232.543, 35.3875, 282.981], [-245.99, 24.594, 212.14], [-389.523, 17.8512, 223.404], [-387.559, -91.9851, 410.015], [-232.543, 35.3875, 282.981]]
map11_c : [[7.0339, -37.4379, -158.755], [-81.0832, -20.0473, -179.583], [-74.9699, -13.4941, -18.3176], [-33.1969, -7.91998, -31.6088]]
[[7.0339, -37.4379, -158.755], [-81.0832, -20.0473, -179.583], [-74.9699, -13.4941, -18.3176], [-33.1969, -7.91998, -31.6088], [7.0339, -37.4379, -158.755]]