134.47832389199831 -27.88305004266913 -365.219320414214 226 227 236 
130.00697451305044 -21.727654436572518 -365.19578802694906 158 158 160 
132.65572716477192 -19.28568800338797 -358.24397173487023 45 37 21 
132.32791758073972 -28.485716454389184 -366.5299953249667 130 132 131 
134.2203055258273 -18.635589929421666 -357.9377285332297 51 50 42 
133.10433839266048 -22.027311744075554 -365.6464444095591 58 58 58 
134.9438447661626 -23.152491675607823 -365.34665427114896 92 92 94 
146.01430789712342 -20.310578249366234 -365.9658992892494 244 240 235 
143.1411537050685 -29.833879183209554 -365.5896408874136 218 219 223 
143.46127841446844 -20.242645686782357 -365.62886852682107 231 232 223 
143.29603610764107 -20.041683754100518 -365.6854258803728 143 137 137 
142.4159780327313 -23.481694955058803 -366.75548777762026 95 90 87 
141.28753508174796 -21.318550020326242 -365.99449891302265 243 238 235 
141.2013894736987 -21.598620326020207 -366.0211326263345 76 69 61 
142.04163131136278 -20.26266896861032 -365.46298668010974 234 225 223 
141.84011799455158 -22.124618003871706 -366.6138353779235 207 208 205 
140.3686361523436 -23.395917817599432 -365.75439530102295 192 171 152 
140.09377207849056 -22.551368019172628 -365.7585441850814 194 172 150 
140.20403135160143 -25.51204683771818 -365.5225768372447 191 170 151 
140.0740531820588 -20.84446101672994 -365.8542183758948 89 71 68 
141.5031950094433 -24.504971903149322 -366.27359915087777 144 139 139 
141.12971747756598 -24.814960566931795 -366.0175540521373 242 241 238 
141.84655944490916 -20.391466964696722 -366.08906663635673 126 111 100 
143.00151106296303 -19.80325675686384 -365.44160933283405 240 231 224 
131.81012796333738 -23.033594453948506 -365.24333156408704 55 55 57 
132.59340817262225 -19.394963710974654 -358.377770947687 37 28 26 
144.00211923068002 -24.183734647991137 -366.72778827442284 200 202 201 
130.70214350214098 -19.56658323837066 -357.0483428825228 42 38 55 
130.70217984276445 -19.56655338119586 -357.043662212085 42 38 55 
138.7351005588471 -30.67689644290192 -365.0592550454715 78 68 79 
143.99459427658888 -23.008793362166898 -366.67994884256007 197 199 198 
132.49670465214848 -19.748057141142475 -358.2631095138408 171 143 123 
140.54028762985226 -21.686858147766003 -365.67129226688803 213 193 181 
126.98955078642486 -23.430502989684094 -364.92364539344146 217 215 216 
127.21187274875292 -23.436829523241233 -364.96497374398064 237 236 236 
127.22992407297265 -21.07533827361761 -364.65555331345035 139 137 142 
127.72844819329887 -22.229284136999098 -364.8552450060903 102 101 106 
139.33575665607594 -27.784006110397094 -365.0615946709413 152 134 127 
135.94574494449833 -29.816519306627345 -365.37121687349736 213 213 223 
136.0688855654275 -27.89255817158901 -365.25124403022176 203 203 205 
131.03287770406988 -19.284225298541706 -357.4378637977415 164 133 118 
132.6310105709397 -27.23101958873661 -365.2078609044944 196 175 170 
132.6735671946961 -27.664339656666318 -365.1478070825374 140 137 143 
132.23046826498464 -28.17156139239931 -366.4741311135323 231 232 235 
140.3182538470383 -27.63365748130078 -365.31294506559954 136 113 110 
116.66973202947104 -24.58357264563414 -350.181978423667 150 136 128 
133.08922330677467 -30.015342358002854 -365.13860966918827 218 218 226 
99.2364148872245 -18.181418175295274 -329.0820003430338 236 227 220 
135.55736971954127 -27.968600828368903 -365.4592900948343 209 209 217 
127.06859720981461 -21.338884695461374 -364.8084656654151 216 208 212 
132.59802586068903 -27.818900063057853 -365.7245501834876 180 175 179 
116.69204242499539 -24.82523011727832 -350.2266952216168 156 144 132 
126.82881841615267 -28.897761356676003 -365.06104845516023 232 231 235 
126.79059981413766 -22.18544035760176 -364.7495705994289 175 158 150 
134.57538541644982 -29.260290792530938 -365.5008537342096 223 226 235 
130.996738026579 -29.347450800621264 -365.2673416882594 125 128 137 
139.31585802413142 -27.13481635833568 -364.5092421597274 202 182 170 
136.37753469785173 -28.242979748599936 -365.27087578772455 195 195 203 
135.49509816797854 -29.328803868105027 -365.48938874415705 208 208 216 
132.92135470696255 -27.79446937263411 -365.7091283981009 148 145 150 
135.5666651577345 -29.434816391925075 -365.311552211544 52 55 64 
133.8438694167318 -29.16479001891806 -365.2864740181539 205 208 215 
131.70574216517713 -28.5251326267011 -365.7721012619323 139 140 144 
136.56195417206638 -29.02877549011708 -365.6708035707464 211 212 217 
144.66233236338905 -23.612092114324497 -366.8232809639297 79 79 79 
143.31304418071548 -23.542809958570835 -366.62617228489114 88 90 87 
143.49115914505393 -22.30235467868025 -366.6711590292532 113 113 113 
132.77666521229543 -29.643679667710888 -365.2223471627653 214 217 226 
140.1848627937766 -29.998747285838387 -365.3238885383586 231 230 235 
135.87794606219728 -29.784556629112203 -365.2909767730715 210 213 222 
133.11543613948376 -29.222449680930808 -365.5233924259134 205 205 215 
138.08445128597327 -28.741718965289493 -365.47595511791434 230 230 238 
129.62055924048306 -29.19356776128275 -365.2915303660484 148 151 160 
139.52856743228278 -23.395178862184828 -365.7318233688717 99 99 102 
132.71497482761833 -29.401205267099943 -365.36448011486067 140 143 152 
139.1589336508823 -27.74903207023776 -365.56397047960326 190 177 175 
126.8610502698191 -30.286894419560547 -365.0861877667394 70 64 68 
141.60797876920512 -19.279197155130323 -364.8540893734055 230 226 223 
139.3455409225963 -25.96981011143231 -365.25673597660443 141 121 114 
141.04032639793652 -29.746861024764844 -365.5892065456131 225 226 230 
137.18929842378617 -29.474123823748055 -365.56874470317274 126 130 131 
132.5617769080273 -27.94908065234492 -365.95718782200584 176 177 182 
140.93130100257468 -28.856460241148753 -365.90979254725573 219 220 224 
142.48232905967353 -30.21403165581045 -365.6901314809581 237 236 241 
135.8674628054875 -27.518510754694244 -365.3058979148655 207 197 198 
128.20804654765374 -21.387605892358003 -365.32590441948315 237 235 237 
127.91073708264013 -29.179441136429723 -365.0890763895564 128 131 137 
109.26446830427038 -18.59058098091479 -328.1829897385639 191 184 176 
109.37000524217913 -18.562734886080865 -328.2125852801347 123 102 97 
109.33313096622396 -18.70634902647258 -328.20985673044544 55 48 50 
108.24957895213917 -18.483887078414448 -328.6993205472973 151 114 100 
109.18595697091959 -18.54599353187996 -328.2166335132017 160 127 107 
137.1506628251023 -29.455867073914696 -365.5037627008327 126 130 131 
138.73649817924147 -30.003066688368968 -365.56869577830486 210 210 220 
101.51878557833867 -19.869096165873863 -326.8874883543408 70 70 78 
109.17368045816224 -18.22635529020345 -327.94812232581455 227 227 220 
109.07019745759976 -18.275168639175238 -328.2243255311267 159 137 126 
108.88586088696061 -18.284444744166517 -328.3391689730251 202 176 165 
128.29785766720534 -29.48407892438976 -365.33928114646176 227 230 239 
143.46258898433211 -29.95364892540377 -365.6712649710773 139 140 145 
116.68654264882463 -21.114060950254142 -349.947659795492 82 70 57 
136.22274472825248 -30.065844296400428 -365.0746297974025 217 217 229 
142.62687228112145 -19.627786673802998 -365.26773255943084 138 131 125 
109.31533079257088 -18.411503418735286 -328.1679243246102 124 100 100 
109.02334403169044 -18.558452760736905 -328.1912176143789 214 215 210 
133.8427449323954 -19.252812845241937 -358.0104246829257 72 52 51 
140.29315345678626 -29.681999818368542 -365.39643042563773 222 219 222 
139.03013833824843 -29.324457974260056 -365.4120350877552 95 92 103 
138.47707655628332 -30.275021257547436 -365.68461009156334 209 210 220 
139.4083889805339 -31.109117204429843 -365.0811622978758 254 249 246 
135.2825826486568 -30.173705485161072 -365.64217769578755 218 218 226 
129.29351041995076 -29.99750433918792 -366.17398472779155 214 215 225 
130.08245155323579 -29.903424772889053 -365.18689870384776 208 209 218 
109.49207625357087 -18.24746852180856 -328.2095116757144 95 84 82 
103.72477492197417 -20.56444152484682 -328.7331724519696 129 109 103 
106.02301055665032 -18.357260757911632 -325.48725603040737 252 246 254 
106.02352385475007 -18.359327273937744 -325.4792961572904 252 246 254 
145.1529994305289 -34.61557488040092 -365.20212165129215 227 227 227 
141.4469217035226 -19.42850673337582 -365.39762454851893 76 62 60 
141.66286679294961 -19.51889574527528 -364.75014782760036 234 233 231 
132.5176337105374 -29.686266522803038 -365.4223072947867 215 218 227 
140.4309970322979 -30.35107212916864 -365.29836584144647 237 237 240 
132.13832337039648 -30.00174755304156 -365.6066343182097 208 209 219 
145.42480857809417 -19.911294136026953 -365.8053619480395 173 172 168 
143.3832966173143 -24.682130922244944 -366.7004896356809 79 77 81 
103.64479347397523 -22.115920711500284 -328.79499563363936 153 134 129 
103.69006462429519 -22.93796410034808 -328.78916787662223 161 140 135 
103.34360297314086 -22.566667877162637 -328.6349807740929 204 185 171 
102.97545297155827 -22.092637539162197 -328.38412360896734 129 106 102 
103.32085840541988 -20.183111086706162 -328.4603123144076 142 119 103 
103.05163121686883 -20.511022164746404 -328.3482263480637 104 80 78 
103.4705828667715 -20.19323061240635 -328.5809146630221 149 123 98 
108.69944548105606 -18.375560266135107 -328.3459579247623 131 107 99 
132.86461184287808 -34.09129212275968 -364.8578369566965 224 226 231 
103.04225778043731 -20.89458858470708 -328.37025003913976 101 90 81 
102.53776402235572 -20.204775642983762 -328.18210468670554 194 180 166 
102.77626624691476 -21.642488550291635 -328.2995050362587 209 191 184 
102.77523105233816 -21.642609501047914 -328.3086726081065 209 191 184 
103.43811462459388 -20.436628674739456 -328.5389213092139 122 104 109 
102.3760894231363 -20.791202075465804 -328.1253451780493 205 196 181 
102.7578811831049 -21.233198835485695 -328.22623944390386 147 130 123 
102.58273496458229 -22.332592280913662 -328.2655940222762 210 190 159 
102.68177464255176 -21.280282537522773 -328.25921107999807 194 168 163 
102.5993800801174 -22.20842176895304 -328.27232118715733 192 167 154 
102.36737042736709 -20.575829231888406 -328.10360933432554 212 201 187 
102.57357516185073 -22.689593713722275 -328.2852497865912 189 167 153 
102.87805525181496 -22.555200540356953 -328.32629039685787 211 191 184 
104.31079282802551 -18.936778461585444 -323.81740513023965 247 246 251 
132.61607188989942 -30.534802730802113 -365.3260130303042 80 74 78 
146.57712895986978 -23.112403542900257 -367.21859048383897 190 189 187 
108.9055299688513 -18.205000448302762 -328.0160207123437 230 218 218 
137.01127244312917 -18.69351104722797 -358.84575897010336 150 148 149 
103.45305644331401 -21.980520777332114 -328.68061386341515 150 133 118 
102.45102737043392 -21.427664008804857 -328.1887029821532 212 185 166 
103.84764081255867 -21.510385630802855 -328.90199201005123 138 115 109 
101.77086967297672 -21.701725540329647 -328.0878205647349 157 140 120 
101.88200029573159 -22.762710099764508 -328.1141624593694 160 141 130 
101.78920802437024 -20.974704339347426 -328.0467324994634 129 108 103 
101.87470052224359 -22.31642383957708 -328.0926865142317 211 181 151 
101.87547420966129 -22.316411920765393 -328.0893614538238 211 181 151 
102.11345480957111 -22.800381592652503 -328.134238798218 186 171 162 
101.75448370139804 -20.63771391819677 -328.0696801984102 192 163 151 
101.68281580192757 -21.953824435225787 -328.0572557190597 196 164 142 
135.94964077696756 -30.842690148552094 -365.00592441598775 212 199 199 
103.80142941835307 -22.697554820946717 -328.967062515725 170 150 143 
102.48813782037324 -20.75839656729848 -328.1482327102084 153 138 132 
109.99421060396998 -18.23928204577241 -328.41053866610883 161 157 158 
102.66580037333276 -21.358831276823473 -328.2399278821545 141 120 113 
102.72839233924608 -22.566492433319183 -328.3216718741167 205 185 171 
101.37823832904475 -22.910914216680133 -328.12743976442704 200 174 160 
101.58714199722134 -19.65255081634457 -326.78328612558124 234 237 247 
101.15651498984833 -22.545831619621307 -328.14518148927647 174 155 144 
101.06381873979717 -21.70953225352202 -328.1277533698849 148 127 112 
101.0554854910163 -21.88128735371993 -328.123843295514 201 180 161 
101.19284033250143 -20.95840697240642 -328.09416300376216 144 120 115 
101.19150114755601 -20.959469682511724 -328.1005797086337 144 120 115 
101.85512991648127 -21.27270338521276 -328.0853911333736 168 147 136 
101.44000288711528 -20.977165905155644 -328.08586792354873 135 115 101 
101.18098212659996 -21.219820169305503 -328.0931424341227 206 180 154 
103.07597699324495 -20.287392749381887 -328.3462486518642 108 89 75 
101.19541769038452 -20.384436966650085 -328.08484244459123 200 178 156 
101.41969810555895 -20.638869204641882 -328.06343344325194 189 166 147 
101.51062153116499 -21.347957378713996 -328.0528658562211 197 176 149 
101.05119724620639 -20.147885107014137 -328.10161511859354 185 155 140 
100.95401178729637 -20.434446113279407 -328.1195210711486 118 92 80 
142.26662188681087 -29.84328574825687 -365.8000590104623 94 97 104 
138.8596545686956 -30.65919124119779 -365.7849532785944 208 204 218 
127.76245738466967 -33.88915486169137 -364.87046279936357 217 220 227 
101.70927673767999 -19.62573603999278 -326.77049357444054 236 236 230 
103.23433108525641 -22.327111004468907 -328.51092153003384 156 142 133 
101.40008586398488 -22.30955638196597 -328.09727482612556 203 183 171 
101.45480696049835 -22.76153438165401 -328.09573486478183 156 139 129 
100.55405179856555 -19.94807192663229 -328.30773147242445 189 162 141 
100.97564655931734 -20.32833212389298 -328.15229523811314 175 152 139 
100.32142494072914 -21.894879564130804 -328.4167144695325 153 130 122 
100.41665085829149 -20.681383920420625 -328.3831233651408 155 133 111 
100.41802175392203 -20.68096675426316 -328.39430658763257 155 133 111 
100.36118094171545 -20.920091581251548 -328.41131195827063 143 121 110 
100.39693323833436 -20.203652702892995 -328.3819290287631 135 118 103 
100.48877178462884 -21.42234963181875 -328.32250554836935 144 123 115 
102.87458574300491 -23.517293254908505 -328.355912044088 185 170 163 
100.08076279527991 -21.777958309904623 -328.56938900096844 204 184 173 
103.28624671756532 -20.797142330781348 -328.47242007346966 144 122 109 
102.36470867227432 -22.200698858196617 -328.138230962326 186 161 136 
102.00574841874902 -21.331332811473814 -328.1679155372419 202 179 164 
101.44390548444504 -23.099819691191627 -328.1290839638336 165 150 140 
101.14518244987588 -22.14698781340423 -328.1130788699377 158 142 130 
101.14770552952197 -22.148909235030686 -328.1130284115674 158 142 130 
102.58516083995683 -18.648500419231965 -328.11106873514535 116 96 89 
99.96978989421132 -20.91409359758537 -328.6400979941583 198 177 159 
100.08788531592347 -21.614593791454322 -328.58165483617773 199 176 168 
99.36112028934053 -22.883200163364933 -328.97530581290545 151 132 120 
100.03173452556199 -21.27759440936115 -328.57324571805987 138 116 105 
99.32513926996417 -23.010543234484164 -329.03565839848966 204 187 174 
99.98473441781049 -21.199140246637086 -328.62820797332176 193 170 157 
99.53088671682767 -20.796508120528955 -328.8809303857431 183 165 147 
137.5633392521903 -27.609065735213854 -365.5172843922293 211 202 204 
138.89811783380617 -30.684028568965086 -365.8298631241381 208 204 218 
130.83619486538777 -34.15278124144265 -365.1811545435795 226 229 236 
102.59700470138843 -18.976746608593167 -328.13747555943434 110 92 81 
101.62542439029846 -21.821678283639507 -328.07026296785733 200 173 153 
102.93301603330778 -21.153555823758946 -328.30970419938893 193 170 157 
102.90703320063238 -23.652817053235353 -328.4084376887955 205 190 183 
99.6658397212234 -21.845110954380765 -328.8269403995341 205 185 170 
99.16859554929675 -20.853962113053136 -329.19762798468497 145 127 115 
101.94341434865784 -23.62789216698635 -328.1002686664707 196 180 167 
98.48610632901287 -22.365380751774275 -329.50612373424264 184 168 149 
100.87728620841831 -20.94457676924468 -328.17185792916615 139 125 124 
100.10112559542007 -21.403423081205762 -328.5347152092352 142 123 114 
98.35109410560406 -23.185411061292776 -329.6293109164635 204 188 175 
98.53231815339262 -22.111751386583514 -329.49819694464543 155 133 115 
99.239974262595 -18.823799283529123 -329.0594568875333 130 109 83 
131.84724365529482 -18.400915518402503 -356.0877382538382 90 87 95 
131.99481049169574 -28.643938792076767 -365.1558180789939 145 143 145 
136.98548264027954 -29.95045374186639 -366.12124113505865 216 218 231 
132.49365673012161 -29.391867226538906 -366.1088347871078 164 164 174 
129.46790021289752 -33.43525523350968 -364.7551914297623 202 190 193 
101.24469629678848 -22.19272782997268 -328.11431997096696 200 178 170 
102.60648764549303 -18.560421407917843 -328.13972039735296 167 148 137 
138.31169715778077 -36.191135694643194 -365.01178351376285 210 210 218 
100.15874461802875 -22.456522487114754 -328.5111134129117 164 144 129 
99.49329229180378 -19.923835228395113 -328.9138915148566 144 117 107 
100.60655328963908 -20.03853004144544 -328.2568700527468 204 181 164 
98.64742273293506 -19.40053307236873 -329.4077222382891 174 154 131 
99.32565816991789 -23.33809522762071 -329.0009584344163 159 143 130 
99.21821315268798 -21.109995532895415 -329.0976258068267 135 117 105 
98.78269654709496 -19.302623852429225 -329.33392189068553 133 111 94 
99.00734327033757 -22.756128613304156 -329.25153533494966 201 185 172 
98.61384618759938 -22.157922439208935 -329.4901243613575 184 163 144 
98.25441451737662 -23.404093398973913 -329.6658343649078 206 190 177 
98.55779000478222 -22.71489543838216 -329.5127153706898 144 128 115 
98.58183383503732 -19.663503773588957 -329.466574714541 186 164 140 
98.31182737472504 -23.06461584636282 -329.68807012305246 188 172 159 
101.81999410455636 -23.454691831691772 -328.11615581385 175 158 150 
99.32352093504866 -23.2564864893107 -329.1225874049101 173 158 153 
104.30658058628408 -18.30073087388563 -322.3840673676178 82 81 86 
97.99850662181835 -18.759079490047903 -329.78300294868774 244 245 237 
98.38551861119808 -18.567265120127704 -329.57168399564904 246 239 231 
98.84148694834607 -20.250966588115283 -329.3090091582107 146 124 107 
98.17040531703988 -18.946943770437173 -329.72635521467697 155 134 118 
98.502853947407 -18.29490333533388 -329.3959567002199 67 64 57 
98.07595299600057 -22.804968407377576 -329.8531961728834 149 130 116 
100.3895921384763 -18.872655053728508 -325.44215607132946 52 54 57 
102.76603059651026 -23.06754971299195 -328.36304510985923 191 167 159 
99.65019509413463 -22.096803559338674 -329.0017051714415 206 184 170 
100.25645472530005 -19.9747185010745 -325.1356828338865 187 173 159 
98.79714694566117 -19.424136813880462 -329.3789069964559 177 151 137 
97.49160255035284 -23.587660276225282 -330.12889904283463 190 172 160 
97.49072272834373 -23.586132046866044 -330.13083877104623 190 172 160 
98.224669533606 -20.45448833531573 -329.7259279054934 182 160 139 
102.67223227712952 -23.95262652709807 -328.2707299103511 199 185 176 
97.89846487301142 -22.686201220365277 -329.91105770468715 159 140 127 
97.42661635131302 -21.125372665628092 -330.1861000145947 186 163 149 
98.05595948502304 -21.041226063109526 -329.8226539319468 133 111 98 
97.46806915353108 -20.998875099865483 -330.0627975403391 126 103 89 
97.51636933430018 -22.87869196045103 -330.1388884388463 191 172 157 
97.94267479108993 -23.392367683990635 -329.8756387519433 201 182 168 
97.49524573971077 -21.228061389149516 -330.0937055874506 154 131 117 
98.99398818755137 -20.36604483591875 -329.24864115263756 147 124 106 
97.25623207424928 -22.65483916205304 -330.2776839459057 195 170 150 
97.73416532243746 -21.015978022622377 -329.96104420710196 136 116 107 
98.6509850395426 -21.86009348871256 -329.43214524337765 156 133 119 
102.97008455980739 -22.501782014352592 -328.4353033536623 161 141 132 
104.22335355267089 -18.37514976788465 -322.69508933003334 227 226 231 
98.2236555029364 -18.444857100910003 -329.6474707183809 230 229 222 
131.85285351062558 -34.34117158618267 -365.2567438921066 203 202 206 
134.27869249520126 -27.440865071359724 -365.2634736752911 196 179 186 
135.65460372125654 -29.39746220212103 -365.38552566632256 88 90 102 
135.88309133515085 -34.15108674778071 -365.3022965994736 152 152 158 
102.5594060920208 -20.08989132620902 -328.1222860152504 200 171 152 
138.93390222543383 -35.982058736812824 -365.75122414630613 108 108 109 
97.75160984317465 -21.498832495477405 -329.88874260126573 154 131 117 
101.57809752410951 -19.89942028779932 -326.8263615480427 226 233 242 
100.39879695291829 -20.204452730567095 -328.35823251800366 135 118 103 
102.99431007923084 -22.80226447440724 -328.4553892133012 172 155 145 
99.31429599523102 -20.027057709265684 -329.03478438673045 139 113 97 
99.90818667445039 -19.730853353746788 -328.6474823341173 186 163 140 
100.33668330703537 -19.77732241898413 -325.24109907787914 41 40 48 
98.06256986263425 -21.970838425579533 -329.81821236257946 150 126 114 
97.26054749467998 -22.529693905982395 -330.28362522673996 194 169 147 
100.34058035691957 -18.06965138641537 -324.03153778920927 32 31 38 
104.22705167015116 -18.343805481564903 -323.79386325716115 41 40 45 
100.39334423240466 -18.73434597750489 -325.4357275385385 253 251 254 
96.52697391090176 -21.436957295321516 -330.7033551866665 168 144 120 
96.39324973721651 -23.374027286306085 -330.70799249128635 126 101 96 
96.39298047003872 -23.374096669641826 -330.70925591842655 126 101 96 
97.08919496735395 -22.505008045233815 -330.3724703348926 187 168 151 
97.4001437499673 -23.69291177307905 -330.20191152157423 144 126 113 
96.86477260762726 -22.821925507447347 -330.5319374171917 176 150 135 
96.86846990900646 -21.89515842374404 -330.50292047949023 136 111 91 
96.99876266900333 -20.846510121898046 -330.452972653348 120 97 83 
98.63068989531477 -19.75041205415761 -329.4409955939293 145 122 103 
97.04300781318261 -23.319153164866915 -330.3859211789926 195 172 153 
97.86214339294135 -18.2446831919232 -320.33519054292105 80 73 45 
134.02932533894383 -18.60194943416439 -357.6023710108992 76 78 68 
135.0049070453701 -34.58890458052895 -365.278583751122 209 208 213 
139.16731412480195 -34.14074077834082 -365.49911276325827 158 153 160 
138.49777410978277 -34.666804820518394 -365.92883065723504 197 195 206 
139.48057630891577 -34.70342886318704 -365.58959331354583 236 235 241 
139.69651038502988 -35.00632785469741 -365.23816144511926 114 114 114 
132.6448876308347 -34.066999674233145 -365.2658903251059 158 157 168 
134.12363950641156 -33.94923302394697 -365.02743958782173 137 137 140 
124.03788126625048 -30.83250793945926 -361.68169690529845 137 124 117 
101.41092288217918 -21.71278134575681 -328.0772589749644 150 137 121 
117.08956717872039 -30.437272263975636 -350.8527772911688 247 236 236 
100.34974715404698 -19.66346210748962 -325.2392267211373 239 239 246 
97.52941413862341 -23.245446168215075 -330.1190993383519 191 172 158 
96.91635756559307 -23.705136862705814 -330.4963915396298 178 157 142 
142.27971837690333 -18.62367437130598 -365.89639137528036 90 89 82 
96.28561948249768 -23.68697959297988 -330.8836993277579 163 140 127 
95.97209953128618 -22.078623737115407 -330.9583331622372 156 124 113 
96.11471298361985 -23.22527527816667 -330.9667693870746 155 132 118 
97.48863338778119 -17.99873104594353 -327.18372075408786 182 177 174 
96.0533053641179 -23.368642384025833 -331.0129827013511 121 97 88 
98.77544655779678 -23.996447928921256 -329.35075461103463 196 176 168 
98.81285555557625 -23.89900988760659 -329.3969076241905 165 148 140 
98.43609312280358 -20.099372080291786 -329.5449911754218 139 116 99 
103.05756318202481 -20.989083091234008 -328.35099880724664 120 104 91 
96.09314435105975 -22.887946843226285 -331.009666680757 134 109 92 
95.79572427706384 -22.987835142714978 -331.1674310370696 120 92 79 
99.48779734559842 -19.700287014100237 -328.9532529258264 189 167 146 
104.2964741828053 -18.624893411541937 -322.2744193454233 87 74 83 
97.92974510007014 -18.235568221288872 -320.2870650940064 43 40 51 
98.00174533898277 -18.438726655893884 -320.29660139487794 186 184 189 
97.8739740844111 -18.199667656758493 -320.3064112280354 223 225 178 
131.98698191020335 -18.695564014351717 -357.0406614648686 71 65 64 
139.33169833619004 -35.200384446619374 -365.2452984016815 167 166 172 
137.93637387178242 -35.02876750473285 -365.4577358624742 64 62 73 
137.54922088466944 -34.510397159910454 -365.36794989429296 164 161 174 
138.93453054682513 -36.01281262358667 -365.06213908127773 100 100 100 
136.44942323545914 -34.767736827531685 -364.8655246275908 210 209 217 
134.88725606498923 -34.55459842800774 -365.1347953071431 211 211 213 
131.0224499698362 -33.807597849028 -364.9477618735236 145 137 144 
127.95873712020821 -33.68585280821838 -364.9631835098337 153 139 147 
98.94380881056615 -21.693170603613993 -329.2699610528571 208 189 172 
98.91172566933227 -22.27489472735359 -329.22614650762625 209 187 174 
100.22060778940278 -22.96614031831712 -328.47720531165953 205 181 157 
99.44393965768114 -21.851914943305097 -328.9584548625391 191 169 155 
96.75252277617794 -18.340727569180533 -318.44081357584525 64 64 66 
96.95529752401016 -22.002936545798697 -330.5014585747248 176 151 131 
96.55813460382157 -20.951939600990894 -330.70759407545216 118 93 82 
109.49679988606607 -18.55198185954656 -328.23780367123106 231 221 217 
96.70861576508973 -20.835880301372267 -330.5888286024654 115 92 78 
96.46331157218987 -21.304271826496223 -330.73246033467694 111 85 71 
95.8728944486641 -23.502313902488126 -331.0476429663711 139 115 105 
98.11399079007501 -18.473922738313373 -329.6638713962489 71 67 58 
97.16048357667543 -21.913155258725983 -330.288906142616 157 132 110 
99.05994411477937 -19.89289341847267 -329.18754866812304 149 122 103 
96.86903506851777 -21.89538650529708 -330.49028453223565 145 117 106 
98.95658074831685 -22.835891372357715 -329.20977446090365 158 139 125 
105.85525232980153 -18.29780210144835 -325.4354506695944 249 239 248 
101.92959753101553 -24.06649808054977 -328.0496088991101 215 201 192 
101.57743071259122 -24.064987018077893 -328.0605561565857 215 201 192 
99.59544347197912 -23.891248651879245 -328.8144772077615 203 184 170 
96.08292536606031 -23.92950642305678 -331.0511370147398 140 117 102 
101.1085694046011 -18.94139801709963 -321.914819090255 225 226 209 
104.34600998685454 -18.36518560897426 -322.28679335772387 58 58 60 
95.72139222276681 -23.339771726043615 -331.18408985911265 93 71 68 
94.83631968303581 -23.83382064800059 -331.46752313796566 49 38 42 
96.74613031551743 -20.970522011046757 -330.612936869564 176 153 139 
97.81484685382134 -18.25587570733842 -320.36540062183013 229 235 141 
104.34164547055366 -19.94244544012905 -323.5490815255497 42 35 47 
97.11666407189585 -21.803146867738135 -330.3513532403034 202 176 159 
98.89103290308327 -20.102446236772593 -329.27785952578284 141 116 93 
137.01910547284922 -22.989736832198176 -365.0719457051025 88 86 97 
96.93311724593191 -24.01876583981469 -330.49619184465837 192 166 153 
102.43991183114487 -24.439341201474896 -328.17941939922434 205 191 182 
95.78354018006102 -24.173854975111944 -331.0914973762507 246 234 230 
96.12336973131099 -23.175844434426608 -330.98201892292246 163 140 126 
96.60433201939446 -24.154776544315858 -330.65235376421725 138 117 103 
95.6524242583715 -24.115593128181562 -331.1290804842954 239 236 229 
95.68629720098353 -19.607114628640954 -325.2038739326456 151 141 135 
94.76052459532805 -23.846987866634127 -331.4128437435838 116 106 107 
96.35047957613594 -18.14417168017364 -323.0937698905064 242 236 205 
98.10645003192184 -18.381679777922045 -320.33586606363673 22 20 21 
97.19862412248523 -18.34480760711146 -317.820889853347 248 246 250 
96.74930802434108 -20.001829540068865 -318.53492331471546 237 234 236 
96.69821301189839 -18.84811187220107 -318.7276439996614 244 242 247 
89.96510200407775 -18.15498799018363 -327.55710244886944 67 51 50 
96.65097043818183 -18.461282131405376 -318.75405038909275 165 164 172 
96.8532821900004 -19.995663308817594 -318.48868081714244 231 226 232 
139.199853134704 -33.92161594244386 -365.1599150380234 252 247 250 
138.48131003647052 -34.808534144518475 -365.1272232023127 55 53 66 
138.52353198287588 -34.82587623607425 -365.18723304825613 55 53 66 
100.68239016010179 -21.240524670350194 -328.32769744801675 195 174 155 
97.51667684208236 -22.869606690507023 -330.1211403774752 191 172 157 
94.94376813198991 -22.723310939363824 -331.6882526332568 92 69 65 
97.50675334593957 -22.663492186372665 -330.0999785643257 184 162 147 
98.87546468593781 -19.554326789256304 -329.2677621806481 129 102 91 
138.7945620422318 -24.258888818127232 -365.1643048785175 103 97 96 
96.16781045876093 -22.774571687002386 -330.97236097015855 167 140 120 
96.46319133898317 -18.006428325540735 -318.92459110467433 118 116 118 
95.72720847889369 -23.914372053465826 -331.1867770709129 57 42 39 
102.13125685284868 -24.332042669649567 -328.17712913970064 215 201 192 
102.80195329207153 -24.445673726277818 -328.29694365156854 225 209 202 
102.4907585590268 -20.56616471705308 -328.16197289072556 191 168 156 
104.9732855806723 -18.19814565924403 -326.45285465585096 80 78 83 
100.89067263314807 -18.440812296224536 -321.72788804260625 44 44 48 
95.84027747057968 -18.661459557212076 -325.0884682643702 130 110 101 
95.96693981162882 -18.678163713532808 -324.9631949953999 136 118 114 
96.16686064921595 -22.570217495505144 -330.9276516443517 170 139 119 
102.45682988225603 -24.569300870118184 -328.2100515606564 221 207 198 
96.76976927192344 -24.127857387973524 -330.6051103716843 168 144 131 
95.77354776153808 -24.24341897762993 -331.0692515094743 113 97 94 
100.34968562017163 -18.114855438730277 -324.1460018793906 53 50 53 
93.0827461605625 -22.51707575731986 -332.6611516563558 91 85 87 
93.0778249882949 -22.515614885987603 -332.6842251003642 91 85 87 
93.04807469865489 -23.1295864710239 -332.6660983270478 60 55 59 
94.98027878908852 -19.964864807234946 -325.5989378140968 121 103 100 
95.32611344058263 -19.79603114258517 -325.43132068098527 147 134 134 
95.97002563400054 -18.325542126277824 -325.00293006592585 138 124 113 
100.41325275889014 -18.532456393507587 -325.38963697594374 228 217 218 
94.96302567245435 -19.76193021539195 -325.6466725325883 148 129 123 
96.28692803424148 -20.943110863436413 -330.90438677594346 123 93 89 
93.04915981977697 -22.951508925448213 -332.6095934561359 34 31 34 
99.07930037975457 -24.618592264806647 -329.13042770890945 162 140 127 
101.04048961779232 -18.989112429878205 -321.9979770126951 56 56 57 
96.35388231466375 -23.969761291968997 -330.7999149685175 167 145 131 
95.94915595336712 -19.357938487141872 -325.0460675041818 159 151 146 
96.6202375908222 -18.269119528549243 -318.7937807823596 27 25 37 
96.81664842248546 -18.40173032176649 -318.5551980510528 245 243 244 
97.15267004232064 -18.230883659167024 -317.90698714728643 237 235 236 
97.87934391841146 -18.283513051635293 -320.3461659780562 242 239 224 
141.60528904574315 -19.38907358282372 -364.16073435500914 237 236 234 
140.26995697819524 -36.06343515676055 -364.9970024869936 131 130 137 
139.86756225491035 -35.53129213354512 -364.89701999458833 222 221 225 
141.41154943129405 -35.949063374017754 -365.0171831839724 94 93 101 
139.2459627568109 -35.97106247212423 -364.95666947046 116 116 116 
138.8350939486156 -36.19800876994425 -364.90679395097004 194 194 194 
132.8643197435455 -34.08273799647882 -364.8632568991311 224 226 231 
100.57444554747137 -18.582060213169555 -328.20028591118984 135 112 101 
94.77748264759586 -23.719642811931184 -331.3515862182525 79 68 72 
95.95776645610349 -18.189693678287064 -325.0067630354474 130 115 102 
95.8263062419574 -19.428677475066362 -325.04765431766833 194 183 181 
95.85155559475673 -23.80794136862026 -331.1491293977889 133 112 108 
102.7546515348732 -20.892318398669964 -328.2283896627546 136 115 106 
95.61364458272763 -23.867915211537237 -331.30234142817267 54 40 37 
101.22685573187523 -19.311251684659364 -323.16582782159713 249 250 71 
105.01814848176619 -18.776477322613662 -326.22694802804426 252 246 251 
95.15458517082747 -19.857887783774487 -325.5556523726671 128 113 111 
101.13073506843506 -23.666005064574996 -328.04216625378183 158 140 128 
105.03680961576816 -18.611098082106412 -326.3332100321817 66 65 62 
95.44975440680531 -19.771021561887917 -325.35806982178457 145 131 130 
98.47803834602625 -20.84567083861044 -329.6423896830037 176 154 141 
104.95114756445078 -18.388149715552373 -326.26337438324924 166 157 171 
104.29302307783092 -18.672892690911503 -323.9085353786778 237 236 241 
101.69030080960712 -18.5911992616986 -327.0466891699035 228 216 212 
94.95612557463826 -18.35965445537955 -323.40954007458845 242 240 154 
100.36222492476874 -18.278131991567296 -325.0850701700054 229 227 229 
99.35781508704544 -24.61915919812896 -328.8430633811226 175 153 140 
99.35814878466692 -24.619685943663107 -328.84638319165487 175 153 140 
93.18542817971132 -23.831182607322503 -330.11220355177034 102 93 88 
97.4361781191237 -24.659482609597966 -330.13253730514987 187 165 151 
95.01840125443877 -19.38744306613841 -323.61406634914465 239 228 195 
94.03873608076216 -20.35176723507168 -326.1342498573707 200 187 183 
94.35823890331008 -20.26317113008092 -325.91655975037276 206 192 189 
97.25182056712961 -18.261932380326506 -317.7113985352671 230 223 231 
97.34814049912916 -18.325980869432843 -317.65125546984655 242 240 247 
97.44334965909873 -18.41017185051312 -317.5887532379554 100 103 110 
97.18262764880087 -18.276568461909875 -317.85401841167925 76 76 81 
142.06915099828583 -33.15595644910146 -365.5115369890891 107 103 104 
143.27858904339777 -36.2908883970338 -365.5576102301955 104 103 111 
141.9395175009794 -36.380014925813924 -365.244762140686 229 228 236 
141.06240419640608 -36.160206701744265 -365.45389092637396 132 132 132 
141.3157053474983 -36.26506288561602 -364.9933299142026 223 223 223 
98.56368449608811 -21.62017549238 -329.50728388160184 194 172 158 
102.28945629084456 -23.105444921347548 -328.17885438020187 152 125 114 
96.42928498241604 -18.79431083048086 -325.2236869715401 169 163 157 
94.9347240986292 -23.964755554863135 -331.4917022379684 40 30 30 
98.77582234008878 -18.180108666368145 -329.2108545858271 189 186 179 
104.26949810606395 -19.844148909346515 -323.4709174518167 235 235 233 
105.1066305840701 -20.02345884614002 -326.1165177347231 57 50 47 
95.96991310835521 -18.554923662314284 -324.98764506417126 142 124 120 
100.33863166946018 -18.26910716385004 -325.7262950852939 67 66 71 
102.69992961129795 -24.61953543891011 -328.2057367519734 125 111 102 
104.42647961116441 -18.142287968016404 -323.67258629471894 109 109 111 
100.7071543666717 -24.48813086302863 -328.29272082916117 175 159 149 
104.1643069976661 -18.14954164829093 -323.73979331094137 104 103 108 
102.99012512610881 -23.608589260222573 -328.4130888323167 161 147 138 
93.98729669401341 -20.292640671688016 -326.1077337183741 143 124 120 
94.09197598890857 -20.30644172207658 -326.1105654192343 149 136 131 
102.56993810657615 -25.138208135311835 -328.2038013855623 222 207 200 
104.23816972654451 -18.42118306930868 -322.54973057988985 240 237 242 
104.23816972654451 -18.42118306930868 -322.54973057988985 240 237 242 
94.26095126162116 -17.76636953623299 -323.7121985530215 58 52 52 
93.49458278718146 -19.771913319779003 -326.39963321687685 72 67 67 
93.33321387844855 -20.53545166720982 -326.2894202224341 202 212 216 
94.08799823839828 -18.578412737329675 -324.9819634402756 69 60 59 
95.49607937539008 -17.790383827294917 -323.4642341257066 63 57 57 
97.49799594928464 -18.534012034903604 -317.5469540660133 169 167 168 
93.29407238180595 -20.77463373439057 -326.143643627004 185 195 194 
100.34725238972372 -18.2084857281689 -323.99148989582966 49 49 51 
96.81113784318526 -19.964849008424324 -318.528584399328 48 47 53 
93.54007639129276 -20.798009554319503 -326.3039189487609 233 231 233 
93.4659112135668 -19.87520324977779 -326.33913692614396 158 171 173 
94.11450276307158 -18.476334608142672 -324.99138075688813 233 224 225 
97.57187787426408 -18.495500716825205 -317.4939033314752 87 62 73 
142.02576514509602 -32.40007240774423 -364.2492879981118 243 243 243 
141.51256496386935 -29.908522704677868 -365.8934676365008 128 131 138 
142.3037057976636 -30.98528872874857 -365.8194159272396 57 52 55 
142.3185517472878 -30.596818390501575 -366.57878917560026 216 221 227 
142.11000341011453 -35.57107757473847 -364.9415642023333 234 234 234 
141.53676666545184 -35.96586809034078 -365.84052141957835 200 200 200 
143.20340950918091 -36.29792755265525 -364.7484624961226 226 226 226 
140.26846202524902 -34.73224905600336 -365.2259833412917 211 211 211 
129.55860422861943 -30.411358505080564 -365.3018601814195 64 55 62 
95.87755418781661 -19.245556596309278 -325.05352068798857 133 115 115 
137.75826789213622 -25.92994411117966 -366.68022632019716 198 174 172 
108.84704639659373 -18.64942658448422 -328.20941368256956 203 192 190 
97.1941637123444 -20.850138581961488 -330.3274449899291 129 106 92 
101.70782387584849 -20.56085554682712 -328.0089608136738 146 124 111 
104.45604072188941 -17.962504612652044 -322.7089606378662 173 173 175 
105.07968447254848 -18.170264335272762 -326.3479064225424 129 129 131 
94.82233239097906 -17.756684064563284 -323.3232796919715 78 73 71 
104.33145213118239 -18.319202814967635 -322.4045169206558 88 87 92 
95.94613760729436 -19.250240910284123 -324.990842099522 151 137 134 
104.2111654524956 -18.423905212240765 -322.6761028192746 76 75 80 
106.22745553585064 -18.83633624711343 -329.6364804031198 51 42 55 
101.13151253577377 -19.289549675437907 -323.2174284752396 218 220 89 
101.67567846168247 -19.78343312203367 -326.72923140528883 57 53 56 
98.12128390658108 -23.84228787403412 -329.69836976917435 169 151 139 
95.67565307440618 -24.70282117412308 -330.979326961577 107 88 84 
95.22986896351976 -23.69321592014284 -331.2175317684983 38 26 28 
104.19214625878477 -18.435124391775766 -323.30327558330583 225 225 227 
101.05500507606273 -18.18722215573249 -323.82463678879225 154 152 155 
95.12729472793411 -17.870875798818535 -323.2593967571208 207 205 198 
101.14957243069631 -19.15558174986604 -323.28261550598927 48 38 33 
98.62495934307505 -24.744518720610397 -329.41460914973175 167 145 131 
94.94377194248203 -24.5022051939699 -329.77505387741604 162 137 130 
101.71685248599155 -18.85934400166421 -327.00204719022344 64 56 52 
101.6967986433236 -18.51323045370032 -326.9134563843302 226 219 221 
101.72799365118757 -18.713839897270926 -327.0436712610969 253 249 243 
95.00823429209959 -17.92328863452368 -323.2297505413053 60 61 57 
99.89745914290317 -24.8936691727337 -328.5295918733864 161 144 134 
101.69842550870737 -19.436974165524507 -326.82344821585684 228 221 212 
101.53148176913642 -24.83099117294825 -327.96905522440153 142 128 119 
93.49047866929433 -20.73006131069874 -326.3976052673691 84 77 81 
93.60422039501029 -20.3428043498564 -326.3507696344165 185 164 163 
93.45150458326948 -20.831843998575643 -326.3742592468652 100 102 106 
93.16680105070836 -20.34926050330425 -326.35418984388747 196 208 208 
94.89408486722553 -17.9432179330212 -323.33420127499403 65 59 60 
96.24782293376114 -17.94581507251236 -323.14566548115846 57 50 56 
96.1582786115254 -17.958714916591177 -324.5251944623262 97 92 88 
96.25929405842909 -18.106039357336662 -323.1122207438691 226 226 154 
96.07705063882456 -17.990956206235694 -324.8828844775769 242 231 228 
94.08229192867933 -18.443482316684317 -324.9856347530358 248 243 242 
92.77131951749858 -19.813902989661624 -326.7703181806796 200 201 205 
92.99523439076516 -19.659474730547895 -326.5962360655255 124 125 129 
92.99523439076516 -19.659474730547895 -326.5962360655255 124 125 129 
94.86030667618557 -19.556784811565326 -323.5478740844048 45 31 30 
94.86303326064055 -19.560063882888457 -323.50494408827086 45 31 30 
93.94008631820928 -20.4037133422846 -326.21847527327554 130 115 111 
96.70540488235442 -18.632094502774798 -318.6941413688651 81 80 84 
93.29454801273603 -20.47726848382705 -326.25364703194725 137 151 151 
95.00080332035473 -19.441568845205893 -323.58436824140693 79 75 64 
101.04514591127749 -18.688651277297517 -322.6168714451491 206 207 162 
141.2275224472136 -22.548632470415807 -366.11277356792493 221 220 220 
137.1451505291607 -18.65384723950579 -358.1110491486753 225 225 218 
141.98114210917026 -32.45111213688986 -364.7988866432981 201 201 201 
142.47717288527468 -32.843742396905924 -363.8746205566906 173 173 173 
144.1392943522451 -36.47122939069204 -365.3051914619735 226 225 233 
143.6902894362169 -36.12734229709969 -365.2288521650208 83 83 84 
144.65755525442114 -36.106016668363736 -365.14875088722283 85 85 85 
144.73270818413448 -36.14386476788305 -365.23804759731763 85 85 85 
143.7743430433758 -36.113965446611694 -365.8762244889608 191 191 191 
139.3785095635448 -35.659836551071976 -364.9297507862213 121 121 121 
137.39523014600462 -35.45478595693314 -365.23935461595755 171 171 172 
132.27523473516314 -30.0223773882917 -365.8157533125224 198 197 204 
133.10104489132664 -30.998028586530438 -365.31568427716456 206 188 184 
109.4667633499398 -18.730992878498995 -328.1401491770563 107 106 102 
131.62935552982742 -21.247215202707388 -365.20638797915797 81 81 81 
98.85837889776872 -19.66121422903911 -329.3213844649766 186 165 141 
100.54988049290276 -22.725332477468054 -328.3062175753365 171 149 136 
98.00684481104969 -21.74971452952131 -329.8998735275701 167 144 130 
102.81915841145526 -22.935320238996326 -328.29221836513335 153 134 124 
95.91366236382216 -19.30284463144103 -325.0295005698172 198 185 186 
105.11675495110407 -18.45638240901313 -326.08777634959415 251 246 250 
95.55234059312576 -24.647283416654382 -330.78913234852917 153 129 129 
96.460623577696 -24.554755620543688 -330.69914642375585 180 158 145 
101.62039420585008 -18.74432207319009 -327.30772916463155 167 149 136 
104.91922225346195 -18.259951695276115 -326.16193311783314 55 54 60 
97.63474555701475 -24.776160665871604 -330.13198589580406 196 174 160 
103.76678564945244 -24.28076854371983 -328.99345086883926 219 205 201 
93.38405916317576 -19.21487447159586 -326.27338434232576 183 201 201 
102.22249882910847 -24.77457946120962 -328.0795884046052 212 197 190 
99.04534749948583 -24.881663211894253 -329.21998781274425 193 171 157 
101.81914641210741 -19.889719424451712 -326.7624909239116 40 29 27 
102.68244393079499 -25.119974687100736 -328.12380193350845 224 209 202 
101.2864981296878 -24.95819095147046 -328.13084280094057 158 141 133 
96.68938694710967 -24.605685143130824 -330.6245902319529 180 158 144 
93.10849605477912 -24.26668295697995 -327.9165863476858 163 141 123 
94.04411946599338 -24.32844271833647 -328.73729830831417 158 134 127 
100.53493580018167 -24.55457171313441 -328.0105763300864 189 172 162 
92.79375167365487 -20.332228107299088 -326.5932552695729 212 215 220 
101.36654908379421 -24.142611071123504 -327.8778145067066 170 153 145 
97.71267137006764 -22.663344621609596 -330.022102888178 146 121 115 
100.53070997442991 -24.719717957032792 -328.33185382575994 165 144 135 
94.58965465051963 -23.94217885757166 -331.5154694079779 42 33 39 
102.25927729269712 -25.685967044102153 -328.01425757458077 213 196 189 
100.33956081881827 -18.528244973394806 -325.4562456589553 58 52 50 
95.24196493211863 -18.006491034725062 -323.2044754618501 76 75 13 
97.27699649955743 -24.85658764532586 -330.19539576280545 184 164 151 
96.0406412947793 -25.250252572348334 -331.0850192301514 157 135 128 
101.64902100506298 -18.714411832942403 -327.0559615937163 129 120 114 
96.49355064234726 -18.110619959865915 -323.6148214289464 66 64 64 
92.02734826014574 -19.329821763787535 -327.16389622873095 227 228 232 
94.09327731466429 -19.340559199756303 -324.72132390095896 232 224 218 
92.06863959666748 -19.786324214277524 -327.0980082316746 205 206 210 
92.2885222403623 -19.624956705973315 -326.98311284338104 123 124 128 
92.28824324861318 -19.625647171146554 -326.98561248761405 123 124 128 
94.55424301846533 -18.484255709656072 -325.8062039407157 116 97 83 
97.48164838310825 -18.507314582038212 -317.4433778798613 140 141 146 
145.2052750457308 -19.630819274807386 -366.464099578812 242 242 240 
144.96095324911815 -36.05622753653999 -365.0815322201553 221 221 221 
135.614866133602 -30.64202880506651 -365.2662097359529 73 59 62 
128.94812768775327 -34.283964393731615 -365.0583150550065 197 197 205 
89.0849519046289 -19.91042152446061 -328.9347716445422 70 71 100 
105.06643578670781 -19.90832814535751 -326.0854359611826 246 243 241 
101.60002542379601 -23.937063196168246 -328.0405864167054 215 201 192 
97.16757515415114 -22.741625170783546 -330.4796129240238 145 118 101 
103.0691739235698 -20.99599161762459 -328.36791824923273 122 108 97 
93.19039360943226 -23.624337270316065 -330.33846591240086 40 35 37 
92.04497538581366 -21.91945935082423 -332.3489701662866 141 142 146 
101.39752376921031 -24.17074768909405 -327.9803012843119 166 148 140 
91.29476120291153 -19.694568978377298 -327.5492941790739 198 174 177 
105.04392311865992 -18.97617040443181 -326.2366081955712 84 72 72 
91.26633868563525 -19.34303310847909 -327.5846742674509 239 222 220 
102.59915344137815 -25.25619789045614 -328.22419377310325 218 203 196 
96.87654967428351 -23.89978384706806 -330.5528205802773 169 147 133 
102.98227440752517 -24.902667984218777 -328.28850526030794 213 198 191 
92.90829154011332 -19.6466647758954 -326.6857255064622 227 229 233 
100.98459534463552 -18.46530519811365 -322.79425759502317 95 94 94 
94.53138849160048 -24.506948810685063 -329.19602225944726 139 111 99 
93.89611308982131 -24.36760154991325 -328.42375507735215 156 130 117 
101.52879112583814 -18.07410010182769 -325.66049504606235 62 56 61 
92.44316940014058 -24.24510555746676 -327.8354114298402 194 168 151 
91.90457148659333 -20.222332926922967 -327.18893064106794 217 219 218 
101.09862638525853 -18.477334643355 -323.347313748444 46 46 45 
96.8201043702934 -25.07399745194757 -330.36855941029893 161 142 127 
100.78465589696398 -18.049866505469783 -323.5982113709562 122 120 123 
96.4556154771317 -25.01546976893012 -330.90850302380227 132 109 101 
100.55939642470491 -25.622298440135538 -328.25173525907195 191 171 160 
99.50522257166713 -25.617506042344814 -328.7371066614064 163 143 132 
100.40622784344008 -18.53543771378775 -325.3758179130983 215 210 205 
92.71110880761884 -22.940759484912707 -332.0458433457102 32 30 33 
134.9252620418526 -21.390595059888092 -365.40961285945224 59 60 64 
96.5938908689455 -20.963308836331283 -330.8479629144303 111 86 82 
94.89969858076515 -18.298756396555476 -323.3503785512848 248 241 186 
99.52688568594579 -25.553178804058334 -328.8083448915622 163 145 133 
96.48217314123673 -25.582858321724967 -330.6229246461862 171 148 134 
99.8423745456037 -25.44558359749334 -328.5216186664219 161 143 131 
97.20531219192797 -25.186805501112655 -330.2214421393649 184 165 151 
97.24378982674976 -24.918009466760424 -330.18024383551386 137 117 102 
100.81907506339567 -18.631059727265125 -321.70427098694915 101 105 42 
92.62921452551187 -19.703070830328446 -326.6783291598578 233 234 238 
92.62800654020614 -19.700949048977698 -326.6914920990657 233 234 238 
97.47658408382368 -18.263596795238747 -317.5473562004692 68 67 78 
95.17917289713668 -19.534320128860944 -324.4447789268729 154 137 126 
92.03555348498037 -20.1083093837595 -327.12198153222954 209 211 210 
91.27601707661822 -20.86873430857768 -327.542479766948 237 236 227 
97.36408350738901 -18.447554156310037 -317.63950759791555 67 67 76 
90.7974139539687 -23.00980586975893 -327.9914997170451 157 137 128 
90.80047550063509 -22.549117951778207 -327.85011779815176 174 156 144 
95.97901871580044 -17.881659160164048 -324.9293456023641 117 106 93 
96.9311192272088 -18.146931523215983 -321.4802672520902 42 37 42 
91.44831256647481 -19.679781777920258 -327.4446262579756 217 193 191 
128.94840521977156 -35.15919085868082 -365.47978641205964 199 200 205 
91.1309808499761 -21.383039464409933 -328.10628263955493 125 105 96 
90.87439730334351 -21.500049585635356 -327.97057285007304 129 113 100 
90.98785087873269 -21.720571738833588 -327.8513758030667 125 107 95 
90.58653412023457 -19.986511504949 -327.97317044106177 192 158 163 
90.62483914666164 -20.082405679211696 -327.90591780821296 223 219 220 
90.81712019087641 -23.34239686982631 -327.9494537585434 139 120 109 
90.81715739857188 -22.98650066245333 -327.8666838174191 153 134 124 
90.91693302539778 -19.185577909526376 -326.5075853234082 183 142 146 
90.86959250575566 -19.198113184567315 -327.7685476083767 245 220 220 
91.01918228720075 -20.969763678167272 -327.7244382887014 235 232 222 
141.75399860638873 -29.766200896031354 -365.9652302285696 157 160 167 
128.72561086175725 -34.18082063217482 -365.1013195932715 196 197 201 
132.00408835396166 -35.20962228386955 -365.55022606751766 207 207 215 
100.64454763932775 -22.73190686731466 -328.32967560312846 171 149 136 
102.99162572321644 -21.38160660614754 -328.2840511155042 135 120 109 
133.739644046657 -35.58435286838528 -364.6111033652253 127 127 135 
93.5930082818679 -20.43295956454811 -326.3816969653313 181 167 166 
96.73465273504212 -24.914744809132213 -330.4529488914621 153 131 119 
101.96575980530365 -24.65948472391821 -328.02765137480213 197 183 172 
98.42951496836338 -19.761376269560266 -329.65235909822036 176 154 143 
94.72257403219893 -25.05467249774292 -329.42290478667485 164 144 133 
100.05742311077196 -18.016373851067222 -325.1526592954376 97 96 100 
91.51059137716243 -20.067361016553527 -327.4050825493671 179 167 162 
101.12178322070153 -19.136464689725702 -323.0019906299841 238 244 127 
101.5240155121521 -18.187425812831847 -325.4765598103599 46 41 44 
96.29460442111532 -25.34238337543333 -330.70362202559403 168 146 133 
96.12249101135788 -25.181521049388962 -330.9015493652728 126 106 93 
94.95438576676843 -18.360204063739985 -323.42504143701666 246 243 173 
92.07736340967374 -24.238502582869693 -327.81281868966875 183 162 151 
90.79651668914288 -23.522553706644707 -327.90068528456084 186 164 160 
90.6282148808235 -19.451447991464505 -327.9487744055658 201 160 169 
94.54963242334924 -25.040010748736144 -329.1125189303896 127 107 96 
91.30688429925104 -19.49750466447503 -327.5876604289006 208 164 167 
90.5839683187724 -19.2980407103285 -328.0199861446124 242 217 221 
91.81865097550157 -24.41131166276254 -327.75477755328893 182 165 154 
90.93701917614963 -23.126759510882184 -327.8833432305631 122 104 92 
94.09473918705852 -19.434764922851805 -324.7085195158265 51 47 39 
90.68581672637697 -24.11625890554214 -328.02724613440313 158 142 135 
91.80326035934333 -18.670855441911172 -327.11064639736975 161 179 181 
91.02551385213557 -20.807587369096776 -327.7614054337592 239 238 229 
91.08656998534538 -21.84286088272331 -328.02246215719936 121 101 92 
90.90753293679006 -23.78546980900973 -327.9707616432734 71 63 61 
90.79211612283017 -24.256420062021302 -328.0233745119577 137 123 120 
91.34498340482295 -17.62288987409652 -327.50621807476347 119 103 93 
91.37153930208805 -17.860880134152918 -327.5278799394056 115 95 86 
96.06013948368978 -25.11205904711534 -331.0194673767869 172 152 144 
90.91990261178707 -23.434637037265063 -327.86440495412967 114 94 85 
92.43350463890334 -24.377169450398178 -327.83693890594526 217 193 181 
91.1766721344076 -20.053993112601137 -327.74499434373433 224 216 214 
96.91250295237438 -19.872166612930382 -318.52966187582797 79 69 70 
93.53628841345909 -17.704370060165513 -322.67088188704207 182 174 171 
97.51551394215352 -18.092831398824487 -317.6026267469951 42 40 46 
92.41637253546929 -17.862155266882024 -318.82129549990424 147 143 143 
96.68763066393143 -18.667047341100428 -318.72474073138676 236 228 222 
96.75252277617794 -18.340727569180533 -318.44081357584525 64 64 66 
96.74557638096067 -18.302368562696707 -318.53877547230366 205 205 207 
142.42073968654617 -30.380689296912813 -365.182027857095 217 222 228 
137.9618377594193 -26.85578855269405 -365.49834143449726 176 158 149 
135.43919723398227 -35.33009374985012 -364.24422881718056 207 207 215 
132.22346342606355 -35.400498679353014 -364.71087447353966 156 156 164 
132.4717245520663 -34.75730231798479 -365.0348650483908 157 158 163 
92.30919131449409 -24.907511257267544 -327.9580150982976 155 132 120 
109.81768671142547 -18.11412939836128 -328.1781083061966 171 169 170 
105.33239081959394 -19.706008031710613 -326.20189515123093 143 152 131 
96.04129032235703 -18.123136528964164 -323.12056772630336 227 232 189 
141.50751204346096 -34.389243353394825 -365.3681486324463 138 139 141 
101.04472849643972 -19.304054120722054 -323.03657298764045 217 225 88 
102.94588680369799 -19.841988691712736 -328.19182284371954 138 120 109 
103.15315385245793 -25.510530108994175 -328.6919236838211 208 192 185 
100.8035726937378 -18.260669500736913 -321.0821637498709 38 38 40 
104.2477848932258 -18.58313940055536 -323.9419386532669 90 88 89 
100.9290183237765 -18.481950005200087 -322.7020231153292 78 78 77 
91.35879349985214 -24.322946098432922 -327.9768579451449 171 148 134 
92.16968320214409 -24.83817085173042 -327.6605177996141 159 134 123 
100.94528870499782 -18.139076126941134 -323.1014051135015 43 41 46 
94.72210507841172 -25.526871886171588 -329.4378483994637 165 150 137 
91.14076367022463 -21.307237884399257 -328.1804774756052 172 150 141 
90.79490533957699 -19.50237396045425 -327.82674774387453 203 170 175 
91.13959356282159 -23.68713119226417 -328.46438409895103 50 40 43 
95.2197524534943 -17.983944619195054 -323.286843836167 140 142 93 
90.04012978132154 -20.799804825828364 -328.5707090559153 146 132 122 
90.42154415205721 -20.13391151142819 -328.02747159710174 215 216 220 
90.42154415205721 -20.13391151142819 -328.02747159710174 215 216 220 
90.36814029324171 -18.53522677061516 -328.17786512943417 148 168 173 
90.21049738704986 -18.792673192706186 -328.09923719735605 101 115 117 
90.7234875042374 -19.454832194796754 -327.858186344083 211 170 171 
90.49146901842016 -20.452961899415797 -327.8881360925657 62 67 73 
91.46535623605146 -19.042258943878913 -327.47936742955 218 199 205 
91.46311615664659 -19.043101035459106 -327.4833961948448 218 199 205 
91.79955485609338 -24.239974930031845 -327.7592041622425 157 136 126 
95.50132519347099 -25.08520653502323 -330.6604797004373 155 132 126 
89.91163786763487 -19.855295141973304 -328.27837700054505 144 161 176 
90.75548042145289 -18.973648184303304 -327.8469043131533 224 206 208 
90.13261467935789 -20.299804906276034 -328.10111585294476 47 54 60 
93.3397440972687 -20.33638357595123 -326.2329425402629 186 205 210 
91.35257413614642 -23.636737180024877 -328.9421864483444 80 77 78 
96.08490030284219 -17.995133788182073 -324.93393554781 242 236 232 
92.72789356927916 -23.154583146618247 -332.20145780733174 63 61 64 
89.82465290666167 -20.005993668101564 -328.3555379719357 64 73 107 
90.05884906188709 -18.60536816076096 -328.02566420751475 160 183 187 
89.81945221495944 -19.455219243148292 -328.43642213217424 88 73 133 
96.62203614527688 -17.960654329870856 -321.3071603489312 130 128 129 
93.99384712630982 -18.06236756771121 -324.9694868886922 84 78 74 
90.33060522808407 -18.60983312306388 -327.869143524545 153 173 179 
90.2414532737134 -18.190425134905908 -327.64561561208836 163 151 148 
90.43863114263564 -20.521085932154474 -327.9355690997264 44 47 54 
91.685539166724 -18.687377071732822 -327.1443806059405 163 184 184 
90.1119059176246 -20.909987188850486 -328.32436669466983 179 163 150 
90.16762608581456 -18.600506608973483 -328.0290608568474 58 81 85 
96.70220283514807 -19.96391064375114 -318.5098225693295 75 59 59 
90.60853991545864 -17.58653481400387 -327.55415536538897 189 178 172 
89.69019540462958 -22.326809988947883 -328.546662828339 136 118 106 
89.68248892270613 -22.328779415464606 -328.5847068652375 136 118 106 
89.5619854480992 -24.19441107059648 -328.62871756023486 165 144 139 
89.76367191960831 -19.783516919942834 -328.38064099975105 152 153 199 
89.48642620196671 -23.992802332710912 -328.58725489202163 104 91 89 
90.54368690693465 -18.067226813853964 -327.5496213641384 96 83 75 
89.44626401862475 -23.896381984982785 -328.7285509090723 197 186 180 
96.98195978460582 -18.380394217408693 -321.42235447399054 79 74 76 
90.57505095102388 -18.208801147723886 -327.5950444967299 225 212 211 
89.57393068483108 -22.76252211148073 -328.70129150402994 192 171 162 
96.38069557047473 -19.02793886687131 -325.2127874280289 168 163 158 
92.74596584183364 -18.048213392574414 -321.47631545813067 93 87 89 
91.79234421903294 -17.76823487618687 -318.58941662199453 226 223 226 
93.49755037277849 -17.70393925253908 -323.2139015665739 238 230 228 
96.7460747555388 -18.336206148730373 -318.548977996066 57 57 59 
138.86465744729026 -36.30842753076032 -365.49794544332235 196 196 204 
132.95352573572248 -35.43326723652074 -365.06957780528643 228 228 236 
133.4253714599941 -34.625061109328875 -365.15233530673913 223 224 229 
97.03819815600124 -18.607740562395044 -321.4664744166756 238 245 163 
104.96368058516323 -18.778255486123285 -326.1266635187436 250 241 240 
104.25930430268208 -19.0622736505709 -323.66601207807133 76 64 65 
101.05056808349879 -24.99233358441322 -328.1135869790617 184 167 157 
101.29924006078252 -25.78149960428864 -327.94437378672126 204 187 180 
103.80748410838946 -25.632420288637224 -329.03025125424506 213 202 197 
99.44612654501036 -25.767351003971434 -328.6810004513361 203 184 173 
97.15243572163376 -21.68967023596216 -330.6852482396891 132 109 89 
90.3989064288871 -19.316685325624217 -328.0332101846423 239 233 235 
92.74784847525544 -22.60566313466075 -331.9819808180406 134 132 133 
92.79198824226816 -19.14573393582958 -322.71374218376974 130 139 143 
91.39059514940881 -24.53958377006334 -327.7907347232628 214 194 184 
90.77561968376827 -21.374987940603923 -327.8980661592363 162 142 135 
94.19373191809058 -24.9705770345539 -328.84777202093704 122 98 86 
89.6109302520918 -22.074625656495428 -328.6588755226918 175 156 146 
93.03193671571717 -22.47846956356092 -328.2778647265312 39 37 40 
93.03193671571717 -22.47846956356092 -328.2778647265312 39 37 40 
97.96791174084197 -18.156286785398247 -320.3464812879474 55 55 57 
90.96470250807818 -20.39971418567393 -327.68530511859854 44 55 58 
89.46496357498572 -18.223517631458606 -327.97592048013 85 71 73 
90.00993633098531 -18.292822109555644 -327.69649200338915 93 80 87 
88.9389387586437 -19.37746600511491 -328.8484997433684 162 160 199 
89.15957892534604 -19.15312893663516 -328.75456003870033 78 62 108 
89.39433981831407 -20.99157242870448 -328.61883121332806 245 240 240 
89.88338021503294 -19.154909747002254 -328.1994552309516 96 73 125 
89.26417882124177 -19.428846924166056 -328.5967733993116 170 167 215 
89.65649056301933 -19.349743949895576 -328.4681531727086 137 131 185 
88.81392553480828 -18.97888269597871 -328.82779249958924 163 126 160 
88.95843841754058 -19.114123484952362 -328.7296636098469 72 66 104 
92.72109367228751 -17.765646455227255 -320.97960832342454 59 52 47 
88.5908154323411 -21.135329377133 -329.2581441788135 74 74 74 
89.45768146859488 -19.389054043661535 -328.5247481895521 64 59 112 
89.11440786265361 -19.59895324231468 -328.73878433565415 76 71 122 
91.77160210921662 -17.554961055543956 -325.28463270191884 251 247 236 
97.08239085286166 -18.196414780315504 -321.3548800134593 46 41 26 
88.7069537040176 -18.534994753065952 -328.58499234904434 176 196 197 
89.33503108829372 -20.032890740347327 -328.6802760887283 219 221 235 
97.23199086032452 -18.329029324921517 -317.727032979706 44 43 48 
89.98757571914786 -17.5471789971929 -327.605920033244 201 192 183 
89.49078317087591 -19.095657020723237 -328.53997493132397 220 191 233 
89.09898636699 -19.701035862054226 -328.7146214582338 160 157 202 
88.44743210402669 -21.243238577045155 -329.2882441562582 159 159 159 
88.73824971513784 -18.937915605234448 -328.9548874083387 173 160 184 
90.512518630074 -18.027889954066097 -327.4820651098815 190 177 169 
88.81572874887176 -19.039155663349682 -328.9105191195154 176 156 188 
88.39137913202971 -19.461525388727388 -329.1332037345995 210 217 226 
89.3119914117055 -19.708902563499095 -328.63684055617836 169 170 217 
91.55573307924155 -18.992855844632054 -327.3442749597394 210 214 213 
89.4094238592394 -19.07264159742752 -328.61469428553517 114 81 120 
90.04329748175522 -18.24072549964231 -327.90375947598915 140 126 131 
88.59507657601424 -18.589381494629993 -328.84063327827914 92 111 113 
90.78812525002786 -17.80414198197848 -317.7368011598917 239 233 232 
130.29422704103897 -34.60388896581039 -364.9721614008141 220 222 229 
141.21960287864675 -19.216670662102185 -365.1886023622134 70 56 60 
135.31297861920447 -35.58554345226056 -364.6557314135674 158 158 166 
132.6411932582307 -35.328995370947965 -364.611582271954 222 222 230 
135.0292894727828 -35.21154493185011 -365.3728460756054 211 212 217 
99.59137503068872 -19.844002874647877 -328.9071514550911 192 167 144 
87.60663636393022 -19.7705331874977 -329.57137919997297 204 209 225 
105.16182547264894 -19.86060342750299 -326.00434870416365 81 82 75 
97.5319638535062 -18.475115617565013 -317.49476332637784 147 147 153 
101.66716417397225 -23.975923627601713 -327.9624160855247 206 189 181 
104.20288059374931 -18.49503075499478 -323.7960115347874 179 177 180 
104.17458512027589 -18.410441325716388 -322.9139994026737 215 213 214 
92.5512120515461 -20.402999977022045 -326.8539388878734 103 109 113 
92.39891733025607 -24.43490592598536 -327.8069133113214 176 152 140 
99.20197972284421 -25.33583418500119 -329.06721946968116 193 175 163 
91.32222285558417 -17.966731230108287 -327.60634581949313 113 93 84 
100.98445644876327 -18.360301785370172 -321.5292894381133 122 121 126 
100.6088936130865 -26.016501072606157 -327.8832108023489 193 170 162 
100.59056233058736 -18.161614688122704 -321.5539003104204 126 126 129 
93.39580575583058 -24.246301611004846 -328.02272792271157 165 143 134 
100.74275522727933 -18.271281732180185 -321.6452082469233 142 142 146 
101.07554413603391 -18.25467119152605 -321.676419707595 147 146 151 
97.34416821473809 -18.323538126436166 -317.6534789461242 238 231 243 
90.89084650186999 -22.067519501018353 -327.7822945109161 139 119 108 
90.54663990352141 -18.06922387610482 -327.54101241886366 96 83 75 
101.37093367135606 -26.57820010501398 -327.9366255858888 228 208 205 
100.0138237952672 -26.515422617376313 -328.3525708317994 200 180 171 
92.77675463964486 -23.066558446993753 -332.04779714025995 82 80 83 
97.55214841846168 -25.784579408682823 -329.93603140752634 193 170 155 
97.227987350602 -25.525506682733848 -330.1054768131002 185 163 152 
95.8447933893265 -26.166054804787656 -330.9677349282301 122 100 89 
88.18289598172326 -24.813563841336602 -329.41212130933525 192 174 162 
89.96666895989325 -18.158021346898092 -327.53816681788186 67 51 50 
91.96727792099934 -17.588915876586658 -325.06173353983155 241 237 226 
97.27657659676535 -19.604612941419607 -321.6209847756844 234 229 164 
96.72009104705961 -19.99746253553262 -318.44242638584797 241 230 234 
88.75911947217855 -20.027692893957507 -328.9229860584035 217 227 233 
90.67330351182012 -17.6244831629976 -327.6370328457802 102 91 85 
88.41795435448117 -21.663156811308816 -329.31972433781607 150 150 150 
90.6920742258691 -17.550508249996753 -327.7014370683363 168 158 152 
93.63099730756257 -25.448693054378595 -328.25798273413375 200 176 164 
96.67851405700691 -18.21779900947199 -322.1974460914469 146 144 145 
94.57964441716679 -17.861022060328196 -323.57012682967104 211 205 205 
87.48377964576467 -21.85151721582035 -329.920362832893 81 73 74 
88.64990718404108 -18.777458999326406 -328.8469874900024 87 108 113 
87.35083895964615 -24.038492675769568 -329.7517558377659 245 240 237 
88.49548089809393 -19.564038658024522 -329.0901676708563 77 88 91 
89.08722309798799 -17.68039871380735 -327.41950552295424 127 117 116 
89.38621786360088 -20.992339776425695 -328.6670301066287 243 242 239 
87.49196257687143 -20.889029671726476 -329.772398321706 254 244 242 
87.49196257687143 -20.889029671726476 -329.772398321706 254 244 242 
87.02448403355218 -23.531424534911732 -330.0939341842388 121 113 106 
87.65950613520684 -21.459506944334894 -330.0959568923122 160 158 159 
93.53159110610906 -19.23377281192912 -326.1564007717645 77 68 66 
87.18194997808064 -23.265970314023843 -330.03057309244105 165 148 144 
87.32521136926218 -21.40552405647697 -329.776829207077 169 146 139 
87.97868308771245 -19.87225936453279 -329.37608621279935 94 94 139 
93.48062036494132 -20.361496397934545 -326.17461577713823 81 80 77 
87.29871970362912 -21.606077621861104 -329.81595813575933 188 165 158 
88.30047301991033 -19.840473069565196 -329.2052402332427 190 198 206 
91.127647370678 -19.090761387073027 -327.53007556965247 201 163 170 
94.09328698934188 -18.076630778274975 -324.71187280644284 250 244 245 
88.74747497631736 -19.415311371453218 -328.9412150914718 134 140 181 
94.08749336765932 -18.99806137367722 -324.77452311596574 213 204 198 
93.47533436693111 -20.612953205660528 -326.26191338646595 88 81 79 
90.41878286185596 -17.47346133126679 -327.5376495880767 90 83 75 
87.61464589926419 -21.210299531100315 -329.8926303182661 168 165 165 
89.52797210579568 -24.28838752620266 -328.68887876120834 159 143 136 
87.11069683288997 -24.01113413064802 -329.88757975588527 145 133 127 
88.31425519427268 -19.52165522681726 -329.19886371835673 87 91 97 
87.29884333812099 -23.348264842983745 -329.921675538501 107 94 95 
87.0647056535459 -24.142793671376683 -330.0294055631416 138 122 115 
87.32787850431387 -21.572997367566707 -329.87490431048343 196 174 169 
96.58952159173116 -18.529406325368125 -318.66768542914843 75 74 77 
87.36352427549406 -23.674281405638183 -329.86996077045626 178 170 168 
90.81953961326235 -19.520963583247607 -327.823443591821 203 178 181 
88.46438684732922 -21.11156794671965 -329.3523791727836 191 191 191 
91.5440811803188 -19.256685143633632 -327.30052684815905 229 208 209 
97.48435936805232 -25.165173524506358 -330.1025948874737 171 150 133 
93.31566936461306 -17.636908902654277 -321.2572251601403 224 222 218 
96.17556039399508 -25.109584679670945 -330.823262138421 176 154 141 
100.88025551588694 -18.159300839938396 -322.97610114537366 38 37 43 
101.57430611314466 -23.79754068726864 -327.79279121542163 168 154 145 
103.23386072776779 -25.38447474528061 -328.3574140183333 219 204 199 
89.93708603119059 -23.948282160278794 -328.4466785371365 161 143 131 
100.45834476267176 -26.414582369565622 -328.0911638069391 188 168 159 
90.9590996557455 -25.31148631497008 -327.90848637028057 186 164 151 
90.97943081627892 -25.203132670243253 -327.9656232942237 194 175 161 
91.41486237517353 -17.595239675508825 -327.2730159232971 207 196 186 
99.72372220984413 -25.402103960217364 -328.54856041544167 165 145 136 
91.9522850117504 -24.744411323547496 -327.72564418688836 147 128 114 
88.29997138334645 -19.69449011258346 -329.2699143576258 168 175 183 
95.08440436328029 -26.008176432263845 -330.3584397772356 169 145 140 
94.67593322420602 -19.657060080110938 -324.65718912246945 161 141 134 
87.66637286784268 -21.78765223733146 -330.20097785569703 166 166 166 
92.48423934275988 -17.951309581754433 -321.7710355154043 80 76 68 
93.99545283372787 -17.720077396323926 -322.5016568960025 190 187 184 
87.24916352490666 -23.666264256743908 -329.86036934671165 225 213 212 
93.9561333548458 -24.518344091210775 -328.620176200361 129 107 94 
90.87868057220354 -17.580759064436368 -327.44879115796545 201 192 183 
89.84101000283424 -17.564350866244894 -327.10079127580707 101 95 95 
89.85872459031327 -19.887226271807023 -328.43043690798186 204 211 234 
94.1245144368663 -17.967996452440687 -323.65977749114717 206 200 200 
89.79017134900614 -17.54212681299369 -324.1139174118919 192 189 182 
90.46428532389874 -21.813274637979774 -328.1055217014393 135 117 105 
96.07228182157783 -21.932475557058325 -330.9753042686988 110 91 80 
90.81493809062135 -21.532201851665327 -327.8939885107518 209 187 179 
95.6042985287149 -26.95974557378431 -331.1831013422553 142 134 125 
99.0975234167661 -24.97614828464484 -329.4134882993799 161 142 127 
96.09843482327794 -25.060074484112207 -331.1292993118151 132 111 103 
89.97466258596754 -18.93987906231747 -328.27675424701584 129 129 142 
94.53157616529427 -26.50566951111861 -329.1987416816545 133 110 103 
109.75020116855875 -18.194215515994063 -328.28794351906515 236 234 235 
99.35378147105527 -25.512683457649477 -328.5462681547754 204 186 174 
102.1509780398432 -26.81121750080193 -328.03452015176464 214 199 194 
102.41659668371305 -20.70085755569382 -327.88475995214594 186 167 156 
97.13548878392344 -25.740559486396673 -330.12923044251914 173 150 139 
103.14589856168996 -18.337128021070956 -328.3157807980116 149 137 133 
89.32059131469126 -24.157107481659942 -328.56157482170937 242 245 238 
100.27334639459635 -18.032972071014804 -324.7792260020024 84 84 86 
98.91316846887256 -26.474317726544722 -328.8616655740251 183 168 153 
98.83905668289088 -18.02497576395924 -329.18291751476465 143 141 146 
87.14829457635194 -21.391773824933797 -329.85885557737936 129 110 98 
100.1793484382688 -18.200133864795923 -324.46064103359106 224 224 226 
87.33276470332174 -20.952174541709905 -329.8082674347906 157 137 131 
103.19142555773409 -17.966154565150813 -324.15618975320683 146 146 148 
104.16423049952057 -20.00007880824744 -323.4591236950048 253 253 252 
97.32437953126313 -18.095112882397853 -326.7955042985433 171 171 164 
104.21418382618559 -18.396973184112962 -322.9696542217239 215 213 214 
90.45585654203511 -25.082889678359514 -328.5464333455138 171 152 138 
