111.71546017978363 13.931800856176345 -2.183171271836912 136 120 121 
111.71784651600167 13.932925817758322 -2.1843117722506946 136 120 121 
114.83000704126371 17.113377310145673 2.255053831542938 128 113 111 
117.10782982407451 19.630887178649967 29.762244561057045 182 159 145 
117.10782982407451 19.630887178649967 29.762244561057045 182 159 145 
116.58805091544136 15.936931441844525 6.708136710460636 170 151 143 
118.29368933271778 16.24741662418544 29.700174998715 146 133 123 
115.55730357611345 20.150338204301036 29.96118779255997 116 102 102 
109.1780798638539 13.621463622398979 -5.22438167888474 153 135 133 
109.04190673099384 13.957668664037943 -5.264236959340039 127 110 108 
109.11364700723453 14.215365122209445 -5.180579761100461 233 236 241 
109.1321182885024 14.788714083467404 -4.970270506753877 203 196 189 
109.05229662372471 13.675471001006308 -5.260894334145391 123 109 106 
109.22179846326944 14.544706967020002 -4.787125467950105 110 108 113 
109.19065400893788 14.764904538439245 -4.545777716072365 169 169 171 
109.66891800155634 14.722243976279216 -4.126171067691018 62 65 72 
114.63578617218033 13.06445927327923 0.9990533723774462 161 154 163 
109.3119775196211 14.875267751322282 -4.782914165288275 196 190 194 
98.3250292406151 5.070055765449204 25.400490462243354 112 109 118 
110.23521503190858 10.765602873921917 -4.581324186945579 117 110 120 
95.09651625228759 6.129258967423743 26.818117575540114 82 84 97 
118.17284133403672 20.743163759488805 -2.4046419389764964 203 202 207 
109.95672943953836 11.208639160291641 -5.08220954471534 63 55 57 
108.84812955247699 14.584697601047974 -6.833147705348466 63 53 62 
112.22269577824648 14.123743434871525 -1.521075827051547 143 129 129 
110.02591105149654 11.050619330566109 -5.02227028884414 236 237 237 
89.37160900207957 6.215745101770741 31.191343413783045 117 116 124 
110.29676572997522 10.961862154011921 -4.520578854339064 98 96 100 
117.56090973728395 21.581039513924015 -2.9462977517573563 178 179 183 
117.48507022209247 21.303777283374483 -3.087574665892987 215 215 223 
117.76520653780287 21.31155422892029 -2.711495772326046 61 61 69 
117.62221210224504 21.51727473259662 -2.798569162652541 51 51 59 
117.59718291970681 21.262027982568007 -2.9626499576402665 231 231 239 
109.20659070317518 12.180290412531853 -4.952589511345764 142 129 123 
113.14982040565178 14.831169637388161 -0.24865356737400646 133 119 119 
110.41271164100698 10.94411177597399 -4.741621482658189 154 143 151 
110.36480332336089 10.995895267124542 -4.665189129735637 103 96 100 
110.47056814794081 10.716353778249706 -4.736194905581385 162 152 155 
117.61504312513033 21.32242242442389 -2.866766348945376 213 213 222 
117.76914701246409 21.453134946745624 -2.689143597857793 214 215 220 
113.9091140788936 15.111391388158406 0.6342638674654495 126 112 112 
114.10619253531553 15.549769913712815 1.0497493986539865 181 167 167 
109.66996206109795 11.07928796497912 -5.531524172272384 118 106 108 
109.68869548341155 12.563381459385413 -6.422354269836418 131 115 128 
110.13760089896607 10.942791989272784 -5.102406132769062 149 140 141 
114.0910338926289 15.166248983607565 0.9271764992102476 132 118 118 
114.0345925531511 15.690689378871102 0.9340294562945815 131 117 117 
113.9596744344936 16.301606227063136 1.129514757063177 99 100 105 
113.89627270737654 16.440595880634003 1.4261322265915624 196 198 198 
117.23181199875458 21.299634626012384 -3.367448501584221 41 41 53 
114.0080710452198 16.58172485331522 1.1498804062123469 182 183 189 
114.49563690626358 16.523047995570987 1.8119841488416313 155 151 160 
114.41571623463466 15.773518763306235 1.4847955624708078 134 120 120 
114.3807886284045 15.943198804005107 1.4412599680646565 154 142 144 
114.46695014061325 15.981508619040035 1.5806112710839528 161 153 154 
114.4549261614616 15.880496031166661 1.5369124140018613 192 179 179 
114.56456343559687 16.029020165608276 1.7303774257277524 149 139 140 
114.96835077478019 14.576333638137708 1.707684894538417 170 158 158 
114.5509427621217 16.839935590923773 1.7923811761237545 194 189 192 
112.98688103348127 15.940208506044517 0.41914220890066645 64 66 74 
110.99254065986588 11.18419464307052 -3.6929534255285006 108 110 120 
110.5237389963536 10.609650728832056 -4.72599553317562 166 161 167 
119.42022250115969 20.697695026426057 -0.9035188456404626 221 220 225 
111.61039833379213 11.363148501766007 -2.788694429388542 93 91 98 
119.16665560671076 19.577518692829038 -1.266971239803624 80 80 90 
114.68827833187345 15.58805311173092 1.7289556800453738 140 125 126 
114.00608720128025 15.224908339173481 0.8167770469051021 189 175 175 
114.67763237957615 15.892093763618126 1.763383730498333 150 132 130 
114.85441593087505 16.307403895185317 1.9772141110933177 228 228 233 
114.85368853038133 16.105517240772176 2.177702616492155 137 124 125 
114.32968999971428 13.239184473085116 0.5868054859280107 185 175 176 
114.89619170680027 16.57158010233583 2.2721669417397834 161 147 152 
113.21787088692051 15.418256343827093 -0.009335884903279634 142 128 128 
115.95370979303907 16.062304434094894 2.7613320681973192 174 160 160 
112.89918044129296 11.952491111354897 -1.235170104630214 112 109 113 
114.59335743634213 16.797228257425576 1.7389799545971556 193 187 193 
115.96393554191378 18.11415511849727 3.852239277733318 115 96 98 
110.13654603421449 10.904694874555524 -4.9150396382801915 149 140 147 
110.60523471365806 10.094795806470167 -4.475055565007068 81 80 88 
77.66392930110946 8.915884467609429 39.55838530424781 63 58 57 
115.83285706592339 15.833528673077142 2.5896331797573424 141 125 126 
117.63479856406109 21.080844930237365 -2.9575350890954724 215 218 227 
118.22873785902932 18.80071801954973 0.5779293190482804 111 109 114 
119.76256317705705 19.842575163939745 -0.42279732946288107 51 52 57 
115.95597345179098 15.73775633036924 2.6840254420207543 173 159 159 
118.40628598425087 18.76568337525588 0.6579402055854615 244 238 241 
118.37602564545124 18.95278628302544 0.7271727780166515 245 240 242 
118.15677116744222 18.86624601832438 0.5917946440286102 210 210 212 
114.9652735153607 15.914484301447395 2.1703692351341175 135 121 121 
114.805076008074 16.423726955316187 2.1296119372453433 193 186 187 
114.15105522862697 15.536253565935372 1.0970130034922363 142 128 128 
114.92595425814343 16.223577170792698 2.1297801820992674 205 195 195 
115.9256604941377 16.297021354347095 2.89351785307241 169 157 157 
114.7540896392882 16.599661717030127 2.310966104977524 121 107 107 
119.69712917616972 20.90759206270214 -0.5517043681378908 214 215 220 
115.5953151252711 17.301590114582567 2.83155496033379 168 154 152 
115.82551052356388 16.009102242071812 2.6964570423912875 151 137 137 
119.78481347002867 19.56216220424204 -0.7401183715194151 244 245 250 
115.3001524068665 16.290845657189923 2.46911216012937 134 120 120 
115.41719960314308 16.348249259899728 2.4251202786930293 134 120 120 
120.3946265036852 20.986749709553525 0.31092052072175136 221 222 227 
120.26514235866874 21.306613634174976 0.35506626791509177 93 79 167 
120.2460349893952 21.303177188364078 0.3612404353173275 93 79 167 
120.4704023978802 20.390721223644444 0.44865627054932133 188 191 199 
120.50053687829065 20.374814017376014 0.554609710991727 96 96 105 
118.2157805995742 18.78911350639814 0.7888714970039103 134 124 124 
120.36754709359653 21.42691599479026 0.5063722895015133 90 84 129 
115.69528207012533 13.925365374551376 2.3211164069783337 193 181 181 
120.11088090926951 21.20198869671523 0.03589198057517251 99 92 136 
115.78803059741622 14.106603500490817 2.4255268446431586 158 146 146 
120.52386061436533 20.47075119894488 0.5674557736575423 101 101 117 
114.66340693002155 16.595906943250185 2.0749277305834397 160 150 148 
114.35037910094853 16.82707148853461 1.8215024703259957 53 49 52 
120.17434952329239 21.66486753881694 3.175523658323513 159 159 167 
114.89744956080533 16.27650289434139 2.1667088448568705 141 130 129 
118.59315827475231 20.00451850750549 2.1411633332568556 123 116 113 
111.31132704710848 10.32925888660547 -3.654342403017864 104 104 112 
116.43880006847515 17.45757832222294 5.391066769752797 184 166 162 
117.19746135361831 14.989833703599913 5.868947097516369 152 138 138 
116.38274832004264 15.036832826582017 2.945998287815911 196 184 184 
113.53639229893109 12.12890617957824 -0.40785256198878983 113 114 118 
114.25759962715848 16.551141494152326 1.7085365281597262 94 98 101 
120.5704943330968 21.658884847875758 0.6615844330646468 208 209 214 
120.48347061568819 22.568823999574427 0.9403584517811794 179 179 187 
120.49083403656053 21.774800239106792 0.6683128102765892 205 205 214 
120.48019177999291 22.41791781040543 0.9222996605064253 47 47 55 
113.99769042774906 16.73403233154013 1.115167173891848 57 57 64 
120.44031772763685 20.24692536301774 0.4857467177329653 52 52 61 
119.72642479894282 20.558754425214328 -0.4995935611793385 79 81 86 
120.54262558005925 22.411436774847264 0.9958182681212264 236 236 244 
116.57246690361791 15.592667127023955 3.523760664514384 152 140 140 
116.52376809890919 16.244198140779595 3.849494578876701 180 168 168 
119.57816491896182 19.24732880012301 -0.24184479381437995 220 220 223 
114.50228238739044 16.818436954102616 1.79781068256014 191 192 192 
116.58352036924228 16.315591946423623 3.9631595082853153 151 132 134 
116.89498235585529 15.456636753629253 4.514057618482397 200 185 180 
113.36456815497765 12.660080193943774 -0.9734852058802659 156 151 155 
113.70254184687796 12.72379743323387 -0.19090778047147694 160 148 158 
120.24333883814018 19.946630283643064 0.4653964896075138 93 93 95 
111.77812699364787 10.833793943875097 -2.7600157895095236 81 81 85 
120.57774481024558 20.7135638678846 0.3977343377421363 39 42 61 
114.27916585513776 16.838705824818863 1.6992379596666751 62 63 68 
115.87261960569285 18.07953952527313 3.5554226449669812 119 101 97 
119.76305972530818 19.866801987669614 -0.4773933784994142 241 242 247 
113.15021888888776 11.363455906129388 -1.2707057353788258 198 199 204 
113.02612845372379 11.212656610177987 -1.1953007373483047 82 82 85 
120.46597075129068 22.355126368100045 0.24723207132900882 36 37 57 
120.46597075129068 22.355126368100045 0.24723207132900882 36 37 57 
120.61364555833714 22.39338197212643 1.0647200571370377 216 216 218 
120.22298789582953 21.111068186153386 0.09963216835375022 90 80 142 
120.65121124854853 22.15081096759551 1.0849194055429336 236 235 241 
120.74354328411397 22.334832257292113 1.264578734965113 234 233 236 
120.74354328411397 22.334832257292113 1.264578734965113 234 233 236 
120.69687595124654 22.471129279317076 1.2481577120671545 48 47 52 
120.69687595124654 22.471129279317076 1.2481577120671545 48 47 52 
120.53037752734156 22.58493051884172 1.0848018612901171 37 36 41 
120.68701398664753 22.23287158760281 1.1913814928679045 44 44 46 
120.68701398664753 22.23287158760281 1.1913814928679045 44 44 46 
114.3845820238877 16.88381232248107 1.992863482970165 141 126 129 
120.2228911581349 19.94122951106417 0.47045799499974805 93 93 95 
114.72184341874096 16.446585255746708 2.0990508866978246 72 64 65 
120.64742534790071 22.46959723267698 1.1424508425805158 235 235 237 
115.96985969041606 15.824962490004019 2.7003536632282845 154 140 137 
120.99452514116277 22.45356362015851 1.6110312544217038 89 91 104 
118.21258837382311 18.944193033930485 0.6022126464252153 128 128 130 
120.46625837667935 22.275398775431842 0.8978027717266457 221 222 229 
113.90290576964765 15.115200916804401 0.6269467145145029 136 122 122 
113.5373468547313 12.127380874824281 -0.4071036333453719 113 114 118 
114.25825389142591 16.4431632139643 1.7200880765363848 80 83 88 
117.83146891686451 21.1743954624363 -2.713990503749642 226 229 236 
120.11821547291223 21.203620008786363 0.10334084928162213 196 191 224 
114.05290131140711 15.702979004266712 1.1004107193043495 154 139 135 
120.65166045042156 22.151847211980428 1.084521949019532 236 235 241 
114.8703579741597 15.51947871401433 2.3314531131259315 179 165 162 
115.74825150438389 13.508364549511713 2.266110233377276 200 188 194 
112.995769650412 11.303369251412928 -1.0510698933751712 177 175 186 
111.82520802608205 10.49210746776462 -2.812767999403192 82 75 86 
115.2558260135063 18.068561220787966 2.8580270031289245 126 111 104 
117.02099240059894 15.091173388476943 4.275283457773753 163 151 151 
116.47744366593452 14.588838333361407 2.98557393681493 197 185 185 
120.6396974897856 21.450053671715917 0.7865537055730556 122 109 95 
116.93482603741319 15.374365160366612 4.292841763733264 184 171 171 
111.35335961536273 10.637762660071939 -3.400298437567969 81 80 87 
115.73927041934228 13.36456264189135 2.237983404676214 88 79 85 
116.19411834964188 17.593251725507958 4.139412661969629 122 101 98 
121.16835592456377 22.099767139298635 2.2617488639676537 48 50 65 
120.78909323660775 20.96428000436783 0.9042223923128603 103 105 118 
120.86761943272077 21.661840767531462 2.7202635552267367 43 41 52 
121.30665407373684 21.494999781840928 1.8416129217554982 251 251 248 
116.93800993512411 14.359254835627967 3.7982942401757356 194 182 182 
116.67796820964793 16.74423848219283 5.473298526434405 138 123 118 
117.71196585039993 21.111933248145842 -2.8337527587335103 46 46 54 
117.78101124885234 21.121506779027385 -2.8141514154306293 46 46 54 
116.46763327124893 17.410746926869873 5.567136783703091 129 111 107 
120.76011335358254 22.14692415685649 1.206493040209537 203 202 206 
120.76010402022617 22.146919281648383 1.206492756862545 203 202 206 
120.52581380301464 22.470013919734807 0.9814395088194203 228 228 233 
116.23187678822465 18.018590407332617 5.170655008935782 125 108 102 
116.34943130266697 17.739785614498626 5.008364546355153 181 160 155 
115.96344026363053 18.24673796869671 6.518514237622782 130 108 95 
115.97015607599347 19.386382380148007 5.100492808124173 150 130 123 
116.79919768338763 16.18957187438502 5.7257143297032655 181 166 161 
116.80042938450498 16.18990725533979 5.7252272035137395 181 166 161 
117.43433574051636 21.42803067671421 -3.278360082148126 111 111 121 
114.10082380640193 17.040206682977725 1.6803411474796803 138 136 139 
114.072055213245 16.747026160757724 1.3181631444526687 65 66 70 
114.77333838946114 15.508583353647204 1.8447282257048556 140 126 126 
117.72757318418205 20.850981122760626 -3.008438476872925 82 84 98 
120.6230399798387 22.395950189320832 1.0646202995859255 216 216 218 
119.49749157580987 19.08039423106079 -0.4031352142927176 104 104 108 
114.30471671855048 12.43986946232391 0.13746549498708305 143 142 150 
113.78524668201385 16.498209678386964 0.9655200362213492 206 207 212 
116.62933101899193 16.948784308341683 5.4519332147405635 149 131 127 
116.78658423450825 16.3904411773199 5.5651694776736065 158 143 138 
116.72201048683883 16.39523621263835 5.750404717499293 164 149 144 
120.70469900085274 22.00169788886608 1.0625149397875475 70 68 79 
114.87326464761114 12.596498746482247 1.1936221618734209 97 98 102 
121.31916501762859 22.11096696587764 1.9003241573335998 188 187 193 
113.12438336578052 11.058827448688668 -1.1913397306132794 79 80 87 
121.20354111246345 21.59628214681712 1.8497852887785768 210 210 211 
121.04300366794654 22.427026269958034 1.7662086623476512 91 93 105 
120.92825533770406 21.839184304978925 2.4994400116154765 186 186 188 
120.58852286840366 22.19998087227473 0.979795189375892 41 41 43 
116.94200641162854 15.34852717868768 6.307555982715854 147 131 132 
116.95003209837603 15.351968667924897 6.302632832875489 147 131 132 
116.76606529486259 16.11983965494382 6.130028132062094 134 120 117 
115.95717133087345 19.041935519990254 5.369814483965769 131 111 104 
116.10085517644075 18.16855426922155 6.381357847498819 129 108 103 
121.11777978759044 21.764079986868 2.234445397846784 243 243 244 
115.927513132204 18.101753618039258 3.8607083303000564 135 116 110 
115.97353427993679 18.358752441482267 6.393811330746544 122 101 96 
115.57418796311231 20.204578747608803 5.664193932147313 121 101 94 
116.61164562199181 16.690518234505664 6.108003225316352 140 125 120 
116.23456491655726 18.009080981592888 4.943007778708775 134 113 108 
115.78803895262587 19.783512549481987 5.487742458825409 129 109 102 
115.67526391104094 19.530887623558964 6.005377476292949 128 108 107 
116.71370882376036 16.440088313408808 5.6802422589941415 138 123 118 
115.19537856271367 21.284497451135262 6.207768139377677 107 89 87 
115.94514121754395 19.018439683293852 5.703567554936953 123 103 96 
116.09645991197866 18.306489350475236 4.645435746146148 128 108 101 
115.80431754959795 18.895548914428865 4.094228942869492 122 102 95 
115.99218681964527 18.443627207321665 6.413895073164497 151 130 125 
116.60870141953359 16.655836700204137 5.996586883280713 136 121 116 
120.47205774868623 22.276791690735703 3.08169796167995 188 198 203 
116.09318507307006 18.306984756181617 4.431814593425514 123 103 96 
116.76862456270739 16.33277934843566 5.642153732838494 136 121 116 
115.78300829381486 19.428055531378387 5.683865113548876 132 112 105 
115.78300829381486 19.428055531378387 5.683865113548876 132 112 105 
116.59171749825926 17.072766094405026 5.0079848076422735 153 135 131 
120.6491781056016 22.37810904072477 1.148222990542564 68 68 70 
115.83477454410297 19.500155865087347 5.609636879887901 185 165 158 
115.74030360902029 19.49221842387932 6.087890971527216 193 172 170 
114.3052980183837 16.349959163741826 1.696260108263104 80 81 83 
114.56516091733101 15.937767391682243 1.8090963388324752 172 159 161 
114.64935245274583 17.04591263874066 2.265855808632196 129 115 114 
116.79739274609892 15.950419825420667 4.558631190881897 144 128 123 
115.82566921952045 19.51140314128266 4.518041478898326 116 96 87 
113.59674897870782 16.43610900733454 0.7858274891415533 188 190 188 
113.89749059784826 16.347967647867677 1.3532474127623004 209 211 209 
114.7185465054553 17.186624951844717 2.247849998569876 165 153 155 
116.17355786605376 18.264072328001255 5.567651489538292 114 96 92 
115.99037327054627 18.792657013173244 5.611080421022535 131 111 104 
114.88093975346456 16.453180701551595 2.031084435700521 237 234 236 
115.82576168485846 13.25745367998113 2.1255008463679417 245 244 244 
116.83235722592654 14.76745770744241 7.059778635530293 146 134 136 
115.17675553903864 21.532881740269072 5.7083586472638075 88 78 88 
117.14096575857147 14.592936112061256 4.341036877040835 169 157 157 
117.13928367806932 14.243008453711006 3.788228890479118 198 187 185 
116.7482436662917 15.64276993667752 6.561548571711839 166 152 149 
116.89387244422741 14.689403243084573 7.02295496238969 170 158 160 
119.269502501221 20.592010308971773 2.777427362397944 217 213 212 
116.34463708427145 17.184081328162645 4.138524808914752 139 115 115 
120.54927593587212 21.746266383069685 2.922382676483039 59 57 68 
120.44786868966382 22.17329034836369 3.085929288170945 172 178 184 
120.44820020109677 22.16951908398929 3.086552632897721 172 178 184 
120.13745481218885 21.487507603802268 3.2222820816830193 46 45 46 
120.61015107844422 22.38971356994408 1.0671555234207233 217 217 217 
121.28980293046088 21.76386881023922 1.9027777977890707 234 234 236 
120.14874285060857 21.7215702588819 3.2481035372269815 57 57 63 
120.58745889642964 21.61228149587868 2.954208785306079 182 182 185 
120.89983106811002 21.879423849356986 2.6703235163770813 59 57 69 
120.61247432488678 22.30480914790182 2.9825876706781713 196 213 215 
118.69802964731946 22.400877356977045 2.917544338145845 72 71 85 
120.72028169191587 22.18992397760496 2.8840550663760354 152 151 159 
120.9440735243789 21.87854904988667 2.7225261247323544 66 64 77 
121.20461116606677 22.062804084587416 1.9793349530557691 204 204 205 
121.03967172859589 21.980288089238574 2.462430308877771 64 63 67 
114.41850711425505 17.36133141584211 2.1046425383551224 160 147 139 
115.88468287836895 19.046683179767424 4.22743326376829 118 98 91 
117.05729470480523 15.095057528280849 4.3361033073579875 200 188 188 
116.69074037956861 16.623551928201845 5.7260244132111495 157 142 137 
116.554842590244 17.104356019432853 5.067672344166496 171 153 149 
114.29416453732085 16.89835397865731 1.5006759231750664 144 145 149 
116.85026031373118 16.092047752189394 5.588414741604538 187 172 167 
120.65533174664327 22.445191654836915 1.1757335701557423 96 96 98 
110.55303236925096 10.560535997110044 -4.116206705478177 169 172 183 
116.25571433327201 17.4096874367635 6.38134010149443 133 115 111 
116.2288015303976 17.925569715965853 5.626386239890891 138 117 114 
116.84592024178572 14.892416755906753 7.026593064994742 164 152 154 
109.47958157389854 14.796305119097198 -4.779181065154162 61 58 60 
116.3658533298891 17.402590631851925 6.003722181248392 137 119 115 
116.61517767774114 16.648217509242475 5.814021417618903 136 121 116 
117.02023490246589 14.705076572096818 6.729630637455898 175 163 163 
116.67106075684633 16.07606058222005 6.531113694427589 166 152 149 
115.14399471859032 18.370836121194408 2.6055696561513457 143 129 123 
115.6579472361373 12.936059879301581 1.998088544557774 183 175 175 
121.17852889413493 21.3862948113223 1.9598734092834036 218 210 210 
115.37704351745347 20.973586749678507 5.385149448356884 150 127 119 
117.03666909467186 15.864743946579736 5.577688597538355 160 145 140 
114.12854398608411 16.911994416562248 1.6907065867283109 54 53 51 
116.61277004440429 15.121378559768742 7.376991973883719 140 126 126 
113.27813609704894 11.254291603765665 -1.125238328355536 201 201 202 
115.36935621354345 20.845126728937213 5.43092801566911 125 105 94 
116.0942922193502 18.16586038389716 6.3735885865072675 130 111 102 
115.92641986824248 18.088176494851954 3.6584524324996295 130 112 108 
116.09227755128421 17.81449594001332 6.505447790996527 137 114 106 
115.7668287728373 17.972952369697325 7.0207793262932086 131 108 100 
120.75577168974813 20.895369086271764 0.8688329799502554 173 176 186 
115.65696462342731 18.64764263448495 7.050400930558283 130 106 99 
116.11752674485615 16.93292343123308 7.15619810020813 127 110 102 
116.7382289396261 16.200142101143456 6.0423532092920595 162 147 144 
115.13623402401089 17.956126269734547 7.880218841665027 124 109 100 
115.22744532596116 20.70318452668005 6.811464747766763 110 90 80 
113.80883624326441 11.587910655493957 -0.38119103180825675 96 94 98 
113.77494564593098 11.56806989392281 -0.37503403269110436 96 94 98 
114.65054334926486 20.09996812822403 7.696898865496294 178 158 151 
115.32335191607123 18.349848871362248 7.639031798754161 126 105 102 
115.08803801367523 18.511508309165777 7.73653030629491 116 97 98 
114.10597957979718 19.414650127529757 8.404032892200647 117 97 88 
117.22802916247583 14.595134490937461 6.276817600394125 198 185 179 
116.13024986077235 17.999854191883955 6.458726260412263 163 140 132 
116.35051992833372 15.849719901633168 7.352782033316984 141 126 121 
116.84446476072657 15.485035308714007 6.82259894062895 174 156 153 
115.55406190617818 18.38667364165169 7.22505096640225 126 103 95 
116.73310608706838 16.28832845732735 4.910614623916359 150 133 125 
120.91691991759149 22.17846151928257 2.592660268764618 137 136 141 
118.20382695979517 18.88184968549341 0.9018470928910034 118 121 130 
120.51503446216272 22.408169665043918 0.9302991949489154 62 62 62 
114.2660464449426 13.557626063972464 10.012141275096795 81 71 78 
116.0197507572831 17.171503063236898 3.4104221816840123 129 114 111 
116.7561877013995 16.455075464499995 5.473940273217082 133 118 113 
116.72759333659508 16.035034465145536 6.441075948384423 138 124 121 
113.34176667171421 16.342624495836535 0.5969938402729156 191 191 192 
115.03974253474979 20.89062195115258 6.665942596074132 105 85 78 
115.76126439724024 16.01164805411794 7.9336841244769545 134 118 121 
115.20797328768518 20.589556823955736 6.560406057658014 109 89 82 
115.0090580358837 20.48565201276131 7.050429696873351 113 95 83 
115.09375779320601 21.00074694987661 6.598666244023988 140 117 109 
115.3779712836562 20.405745806953146 6.280942879530272 119 99 88 
116.31567301492301 16.98103772110754 6.86040268848069 137 120 112 
115.60244111992371 18.743623942616306 6.967785752443973 115 94 83 
116.46234509093509 15.541139653089179 3.3426871032320093 174 163 159 
115.60579348271753 16.88534091539011 2.6763662984457426 150 137 129 
116.13877953616054 17.21715309167211 6.945668729611839 154 134 127 
116.77924180812516 15.993063610620105 4.4976642619065075 188 173 166 
116.0065892941812 18.443294076297903 5.982354334143679 142 119 105 
115.03936519299526 20.730902008711602 6.8930525302337315 136 116 107 
116.20231332427524 18.096978423935063 5.3716712730342095 169 152 142 
115.05308614936979 21.387402367303476 6.425479276053224 142 121 117 
120.1432259959941 19.729019361171208 0.27642456027147944 213 213 213 
112.6429186418789 18.83370112697752 9.865533291798158 235 234 236 
112.6429186418789 18.83370112697752 9.865533291798158 235 234 236 
116.07451792306904 16.117547683945062 7.620570949599909 132 117 112 
114.09808593866669 16.94610644183065 1.5002603240384218 79 79 79 
110.05367080044647 11.627613509073328 13.065544437276941 134 133 141 
114.20901663409788 16.665959173992253 1.3453890909379709 193 193 193 
115.09358176004221 20.901069963500895 6.561976047134252 105 84 76 
115.17395504145553 20.915108824428643 6.536104681598545 105 84 76 
116.42903544838165 14.718952704017816 7.791912695931131 141 128 122 
115.29574516817239 19.812890191441273 6.903640128576981 122 102 91 
115.8647548272871 17.44451659860373 7.2869313904578945 130 110 103 
115.67842748971242 18.421525136768533 7.084880683663968 130 107 99 
120.55425366580691 22.44653127294877 1.0164446224206785 86 86 86 
114.36190937290553 16.937076097862235 1.5866596915088849 158 158 156 
116.11600540564247 18.321119162781645 4.760075647641941 142 122 115 
111.02001805779602 12.018388512022028 12.33422868832237 135 134 139 
113.47882080990416 20.850075366699837 8.550937025878028 101 90 88 
112.51736719071253 18.91102576541847 9.771906702892068 240 233 234 
108.04895467162737 19.597825702655154 12.662013281972591 115 103 104 
112.72096506230105 19.395211022488667 9.441166248583187 107 90 82 
121.29296885555402 21.49533307786673 1.8401075333231915 254 250 249 
114.26919543596797 17.175875503283617 1.5905925752231838 166 164 164 
116.30208422071594 16.921807425204737 6.8069215432423675 158 143 138 
112.59316108162602 19.168329315087014 9.595413992467584 133 114 107 
121.08146631633846 22.147891896448247 2.001586211665483 207 206 210 
115.63970309311617 19.427635671093388 4.037705771532345 128 109 98 
116.316533114566 17.674552652007534 4.676435307914659 142 121 116 
116.21392007113067 17.877729624269616 5.094287014965886 142 123 114 
116.16174211714115 18.35254850925511 5.304482667001878 138 118 111 
116.3224040389376 17.703748187487175 5.4052421943540025 142 121 118 
115.27730857449754 20.516982008377237 6.493425116407693 134 117 109 
114.64980883220281 15.421034359072536 2.3431105192358785 183 170 162 
116.84299413781383 15.963758972311608 4.914554095522959 161 147 138 
112.50072287237592 11.009585881548706 -1.8287963734612305 153 151 155 
117.06649410942023 14.818899233320842 4.070022746636596 178 167 163 
117.9066663408541 21.391501682154146 -2.647542800539 55 55 63 
115.72696479179294 18.55115289566458 6.960486677477519 136 111 104 
116.07985266051986 17.25848131613046 7.014186470508719 127 106 98 
116.615742449195 16.64969185005792 6.311035246662556 165 148 140 
116.76770012661297 15.532849498189393 6.700908183111395 178 161 153 
115.06073738997506 21.121787500435776 6.506597157694827 114 94 85 
115.95451975494142 16.83365143193903 7.4659847026167085 152 135 128 
102.377966714385 6.2849445755169135 21.88013657511884 101 92 111 
112.43340254447496 11.194341875323445 -1.6421661558150191 192 191 199 
113.30208179072257 16.35078485689035 10.007335306025482 241 240 240 
112.46121915197247 18.52361434040577 9.981064072602152 95 93 96 
108.16323534427774 19.762279523155858 12.515265810806369 80 73 77 
115.8897914787849 17.772611780072413 7.149063941260437 131 108 100 
116.07884780330629 18.124860758806822 6.08901550717836 132 115 105 
120.60127093561164 20.622476644631657 0.6873276239899013 180 180 192 
114.06530603542755 17.295299925352595 1.7809566801810064 116 112 111 
115.92044056583106 19.092404737807023 4.886688584594708 133 113 102 
117.33083358225971 14.297751307768714 4.730648408509012 192 181 177 
115.0837306112183 18.603430920649714 2.8530864048602638 158 137 125 
115.78309751995894 19.42206573182441 5.580964597436008 147 127 116 
114.20727917161048 17.24962082586748 1.8339907242788058 168 162 161 
120.4747762264142 21.656414848610016 3.028468132640768 180 179 184 
119.89971857747648 22.14742549993179 3.4145836997471974 60 62 63 
114.48975484150776 17.134294080982933 2.0564344689384626 123 112 101 
114.24242350348734 11.58655891004619 0.36460518509255735 210 211 205 
115.25781689915074 19.9161311695321 7.105349566112224 119 96 82 
116.3256067518482 16.180045192494507 7.160403647052092 130 111 106 
115.82608150557287 18.319889192655555 6.564499078813569 128 106 93 
114.62533106286917 19.53643695596306 7.855270041099345 117 94 80 
116.89716587858412 15.26585053454983 4.380099816598474 166 152 143 
113.99955066809636 16.86736624586396 1.7890797327367949 152 141 140 
115.46121609415378 19.16920073032465 6.9305082843832935 121 99 86 
115.47915931272638 19.51318728723732 6.723960731719188 128 105 91 
116.42387971192596 17.256044841387915 5.12448438663634 139 121 109 
115.99993812748802 18.79930530944293 5.705848815121556 145 119 108 
113.66955729821277 16.40612267865528 9.546689200929833 152 132 125 
114.87374680383707 18.57989318675499 7.9827474142295785 120 102 90 
116.84542293199105 16.076058634990524 5.264195805181501 197 183 174 
120.65545757265242 22.29622251775395 1.0773372995069934 75 76 80 
116.58831296503485 15.982134795943356 6.657834662109593 135 118 110 
114.25691816014958 17.266564387719914 1.8361336833074517 179 166 164 
114.3104192717781 16.466673161567698 1.7231176374020123 80 74 73 
116.6330795690424 16.327700826119322 6.261723136394906 137 119 107 
116.08580462896022 16.86005875157086 7.228908697111905 154 136 124 
119.53465663031437 21.487085210152618 3.532469601704449 224 218 216 
119.52980393580785 21.328584533150828 3.514308120265966 232 226 222 
116.37775146752266 17.08397457673325 4.337690871317562 133 115 111 
115.87999619115674 21.962710752856946 21.443236699976367 189 189 199 
116.16487603846176 18.15155601448254 6.080807751473969 129 109 102 
116.55449993820896 16.939974280179808 5.586684652878063 178 161 156 
121.01000776849742 22.00316768874216 2.497166626901759 138 137 142 
115.57818239621675 19.6521120680092 6.5867537450687905 121 101 90 
114.32878656006494 11.774605134403211 0.2779716573979698 112 111 117 
115.70903049254463 19.691310271625333 5.608905715139343 164 144 133 
113.46388843560585 16.234827413432654 0.38011465394781396 74 74 74 
116.3292100949297 16.86189785552014 6.718127697956817 136 119 109 
111.28128030856328 10.639133643914457 -3.640137498502284 87 88 92 
115.69305003681026 18.656428730477533 6.926596949579761 136 113 103 
106.12981786709416 17.151944341393648 14.900887281055276 233 232 233 
106.1412795311858 17.15489058428002 14.895742662302254 233 232 233 
107.94900898758792 11.48581125441287 15.123999272585195 226 219 224 
106.38679036609818 16.64466077471758 15.01279520213376 122 108 116 
110.35189294009163 10.859775593877414 13.233641638916922 156 156 159 
116.24904863445485 13.13021528974249 2.5781450271747133 204 193 189 
106.2008485636346 17.82678581750691 14.912616750616948 112 97 102 
113.82488826263904 11.49866879611563 -0.40393470557663136 204 199 198 
115.51044187050802 17.47867392288618 7.680355437680717 133 113 102 
116.86774886887397 15.251945941788627 4.386979543880216 166 152 143 
116.1326183901249 16.836511584807827 7.280999864741872 124 104 97 
105.94498515844874 17.22508725223266 15.099213795321631 231 223 226 
115.0097641989606 12.026844329418623 1.2150955598155235 105 103 104 
116.1491781207144 16.925732003846207 7.039099457664335 122 104 92 
106.94563342765328 14.864102763065153 15.126337635963736 126 110 120 
86.59666765916229 8.157542391271686 33.432762082250065 59 59 73 
107.74643715043844 11.520945243200938 15.29535433735839 194 186 194 
114.45268670696896 11.556684177869954 0.433530838972473 91 92 92 
119.58947916309947 19.309895099705326 -0.24331306649362716 173 173 173 
117.0308351969251 14.358295920834536 6.891778912833118 168 154 145 
119.3073230844229 21.87652679034264 3.6328671279434417 79 69 69 
116.81907380757606 13.744430289863384 7.480363605348273 137 122 119 
120.79019732381389 22.45200828894958 2.616110288297378 65 65 75 
115.18912113034344 20.559129066072288 6.4138625400361775 117 92 80 
110.21532034462284 20.173913506928493 10.820942060640448 110 99 94 
115.87101285154168 18.21328110882694 6.531887694904242 127 105 92 
113.24989733419976 16.38184683294372 9.881156834484813 232 224 220 
116.12862882713887 17.31810125558633 6.921813348389648 153 133 120 
119.89411981045146 22.46520324633892 2.311372937092756 46 46 58 
119.89411981045146 22.46520324633892 2.311372937092756 46 46 58 
120.21100287854793 22.108860034057155 3.3247726257754096 56 56 56 
99.6264142465177 12.64295286563189 21.33648951679079 209 206 207 
115.33296776264791 20.788952833343842 6.004241867896752 149 127 116 
115.8865237519392 18.689962511637873 4.099605980590027 136 116 108 
116.87756385526946 15.819558332805222 4.645024081320585 191 176 171 
117.41964625973614 14.77656554136146 5.305262691177546 166 153 147 
117.02187304814959 15.350828695758548 5.991530641056343 151 133 129 
115.66981315882845 19.84381368672551 5.234690704362222 126 102 100 
110.82614324489451 9.091411055249145 -4.832044656119123 140 132 147 
115.48760920518791 17.056098056520295 2.7708807299223395 167 154 146 
114.48984144910753 11.698738978700913 0.5415047422011412 207 206 207 
116.6606752947369 15.635034262003366 6.852870874024177 164 145 134 
113.61125037246978 20.121392009813295 8.546113826333524 144 126 114 
112.78880843370128 20.761437812071815 9.065819618310897 98 83 78 
106.8294704983641 13.888128785360767 15.803407521114693 98 82 94 
106.81525575277723 13.873057764106658 15.81380392884023 98 82 94 
107.13249660231818 14.859176155100698 14.803923801120533 67 61 63 
114.31936877669203 12.402845495279275 0.4841082212588361 109 110 113 
106.56645007463392 14.986135317499206 15.191948821274053 129 116 123 
115.45500258444625 16.629391319320366 7.908701622406426 123 103 94 
111.10786578273073 11.30704838805484 12.378104973145682 98 98 100 
111.50556806036352 11.464517673012432 12.103842705016547 99 99 101 
113.59302642824247 20.899493211089343 8.286391988725072 98 83 78 
114.28739503903759 20.602326319210785 7.823674033389096 103 82 71 
113.29458230002278 16.193369161943043 9.893338475882203 238 226 225 
115.51361453980783 20.226325566494598 4.668903221386685 130 110 99 
108.3457230502498 10.69877879519146 14.795049211763626 116 113 122 
114.5433055602208 11.61279789314736 0.43912940446469406 86 88 87 
105.82628465802284 19.051909149277385 16.234358598198767 161 152 160 
105.99214403605626 19.242733609295836 16.223722516075426 160 154 158 
106.52188558225943 17.364131375700875 16.33775334652357 202 196 202 
116.17834918910307 16.409665465660968 7.127297653875274 168 150 138 
111.44723743462347 17.995989648630548 10.440092089218297 113 112 117 
117.52399615224395 13.947427793491013 6.2134722963141655 157 143 134 
117.49022394930782 14.155957175806048 5.016330277510605 191 176 171 
94.01921740733664 1.6936682729171895 29.591015959719556 209 208 213 
116.70083040540821 15.177331357466333 7.355032718191609 131 117 108 
117.42098604720205 13.99189037538142 6.283256867818594 179 165 156 
116.60905532805509 15.856916498672955 6.407700846991105 145 130 117 
117.42218754789606 13.688568512141995 4.375012187893745 199 188 184 
117.50914798364533 13.803194533543307 6.270403175721839 186 171 166 
116.82549031546188 15.59596881031769 6.522339576739412 150 131 120 
116.92097420749917 14.364302463726771 7.162652444968472 164 150 141 
114.76749328465395 14.565131854608477 1.5338633400612594 179 166 158 
115.1390834773083 18.639681984020076 7.6432284509346715 120 100 89 
116.2971593279459 16.399350947496114 7.043344637828767 130 112 100 
116.30800423466272 16.401428079710847 7.038462116474648 130 112 100 
114.4104499075091 16.531563468287146 1.6817194255243066 215 217 215 
120.31834569604632 22.2859571688391 3.11358241951622 110 130 124 
123.18043384481794 24.098538916839995 6.8674324723748725 214 213 211 
119.60096151568405 21.65408961954454 3.4994727016213005 35 25 31 
116.63082663635659 16.735829955549043 4.770754839956041 163 145 133 
115.79899324680929 16.855112440480458 7.577430347902634 128 111 104 
115.08347545395065 20.659813215698122 6.881735243477323 110 90 80 
120.72901461227707 22.591906306737442 1.810365427716718 62 64 81 
115.03579371372936 21.356258015625563 6.183485565951898 139 119 113 
105.52656669492484 18.57028754421435 15.057825729604474 113 97 100 
106.8942830099127 15.1836132515342 16.627006128656234 67 60 69 
116.9254137715771 14.845715054624247 6.9551651906292875 142 128 119 
117.26576047969758 14.207220210025483 6.5885285476595925 174 159 156 
116.48527960115734 14.724575235315989 2.975072960520123 210 199 195 
114.8004727947351 19.585226154832412 7.558496304899734 124 101 87 
115.19538120126833 19.559577502188507 7.19509302526707 119 96 82 
114.58460962337544 21.091103841744637 7.177185872079647 127 107 96 
116.74235626748465 16.238799994597077 4.62533484228436 188 174 165 
115.31234857108156 20.59144419629974 5.958286517549183 129 107 94 
116.7732957100844 15.763293856247724 6.4028508434656715 176 159 147 
116.05772376633568 17.287621140974505 6.943816512682787 154 134 127 
110.32038706282526 14.825721857775909 12.234013518369608 118 101 98 
115.24809410397259 19.870447593437596 6.972914303073821 159 136 122 
108.60086343859757 10.691980176208371 14.62708422324286 89 87 98 
116.32394015747266 17.385536420395855 6.005635159151865 143 125 113 
111.34290180296176 13.919709470347339 11.5809571849489 145 130 125 
115.98884048096214 18.602991683859976 5.17293653248143 180 161 147 
115.14793616014427 21.34108093031666 5.691823365133047 114 93 82 
114.70773293114426 21.232281610755305 7.256038715875093 146 124 112 
115.45624944337192 17.96364711712367 7.482124537574705 140 123 111 
116.51302500187754 16.992780640330015 5.2514714141022125 182 164 152 
100.59238694337218 9.611980654535213 21.586618151077445 205 196 208 
107.31448768774513 11.83359077191996 15.95966735024109 95 83 95 
106.19647119076484 16.788824849839667 15.69228336421817 91 75 85 
106.20773195740855 17.2010344769946 16.640594500381496 219 219 221 
106.20774018299804 17.20103661583798 16.640607734824385 219 219 221 
105.97317799921116 17.117640714812282 15.268638167819503 92 78 84 
115.31017682539698 20.626694467152 4.704372598907852 125 105 93 
113.49168612795401 16.552794324539146 0.3851104535194594 61 62 58 
115.31711276611134 20.19920922487335 4.898061813090308 131 111 100 
115.79253848237717 16.62010466871862 2.879443287470025 194 181 172 
116.22120933918913 14.689172313937906 8.0123030921782 131 116 109 
115.28705295480934 18.767568764458368 2.7776151163684375 162 147 134 
109.77513957928247 10.288446479898932 13.91878778144563 85 85 96 
113.29279390640835 20.39716134241351 8.706094866681923 107 90 83 
117.54559694874804 13.61533625840218 4.858192023229336 208 195 189 
115.65705253692707 20.358275834203305 4.373867728462386 124 102 88 
115.40254511877893 19.491539909399958 6.7411631192871795 129 106 92 
117.21942291850547 14.790749420775505 5.650129817430539 192 179 171 
116.96527402911804 12.98787267325455 2.8603465483437276 231 221 220 
123.44939743177802 24.35062552504485 6.59065125829764 194 193 191 
123.18008773543627 24.068727651820623 6.397010411220322 207 206 204 
115.3164642103022 21.147149928029858 5.47157500480364 104 84 77 
106.99339282604043 14.506355375471994 15.130847804366539 233 222 226 
94.27351070992164 1.7805945606655063 29.277999313758144 125 124 129 
115.9215852673321 17.369302710386943 3.4072954619861093 165 148 138 
113.24315834447529 16.386966886783533 9.885294159240942 221 213 208 
106.50932495363075 17.06566373990346 16.48110731079467 85 81 84 
118.55572195745691 19.100209556189416 0.8027157518345547 123 123 123 
116.96101344009793 14.225140376020914 3.508445416022454 202 191 187 
92.11751483695323 9.234954622897144 29.069751596052143 185 189 203 
91.57277315069281 9.17060015455456 29.421486000187357 85 85 97 
116.30811720335427 17.46405078224873 6.0390085070264945 177 158 144 
94.68383315041005 1.8904519772551729 28.84869809641566 136 133 141 
98.79090566489161 16.902027828747702 21.65147955121175 74 61 71 
114.51833773434281 21.084137072139118 7.287591947663017 118 94 82 
115.2091466309991 21.512076233614035 5.231042030097427 105 94 95 
107.37257468858074 12.373952978179215 15.394640432029803 120 104 111 
115.00031752433362 12.042982464828853 1.0697058301636702 101 101 103 
117.55516952766956 13.634542882669344 5.491261280401474 198 185 179 
113.18203203926853 16.144696683570114 9.93196209163257 245 234 230 
107.99941952596309 11.815024752076678 15.235426140160016 116 106 116 
117.059975887576 13.481820426194762 7.494108729154718 174 156 152 
120.95504930902429 22.086888904905116 2.471534456060084 67 65 75 
106.40760212666808 17.172444136098516 16.423076007218953 222 218 222 
115.69535155324195 19.815831685272364 4.682929441456679 127 104 90 
115.3323581671352 17.86837743212488 7.566511577781839 135 111 99 
105.92825544801222 19.218974118864406 16.255514613479548 158 153 157 
109.7463704966521 10.731184001857988 13.676154578682414 122 121 129 
114.3014094276348 13.382672010263084 10.065691162537163 232 228 234 
115.26154056129332 21.488327552990384 4.755460358811348 111 97 98 
116.63489791967015 13.087234284562228 8.074371593935808 165 150 145 
116.08398405533528 14.172777787928592 8.26626040759534 131 114 106 
115.92840359051074 16.83236295206649 7.382948532042917 140 122 110 
106.14552072287329 16.91318377661981 14.819140102387564 71 71 71 
92.87920542447506 4.680825726469491 29.6946826881381 222 221 229 
95.18268868961323 1.868999373775321 28.54622408440514 215 212 221 
106.70130893264943 15.136190817123483 15.173942823711087 139 123 131 
103.95678121569489 9.080310071337728 20.041230653688345 87 81 97 
109.3428380201989 11.484537283602705 13.761666177385635 114 113 119 
94.18667776221369 4.888178498197712 28.417879825097486 206 205 210 
100.58070159386267 9.497460651767216 21.525017819567495 208 199 209 
99.55447474702382 12.75365362028366 21.479464577965146 213 204 214 
106.08202232140333 16.763200592583495 15.746580746777994 90 73 81 
109.32299894659948 9.524115441345955 15.021444168867077 74 74 88 
101.82148977074156 6.986524650923496 21.720386158732822 203 200 207 
112.69036622360565 20.730523713944148 8.970504747092065 121 106 99 
113.08189163500352 16.800158489620415 9.805201607823179 135 117 113 
106.79381244394992 16.970979204942886 14.347746080801954 114 111 113 
116.6533792647264 17.002792801043007 5.297383814488924 155 137 125 
105.98107886756594 15.557781737738319 15.735466707065797 91 74 84 
107.01595206571221 14.928831555392296 16.672420282492553 227 223 225 
106.65988363854241 15.46713232957537 16.591802155127624 90 84 92 
115.43904149767917 16.4703959870733 8.259214135074544 123 103 94 
113.86743336293077 20.368918602247266 8.313190699639861 104 82 73 
108.2155417682566 10.314324527966946 15.016065416470639 114 108 118 
116.43240942035499 14.72390139039555 7.787248364790685 141 128 122 
115.8529419847457 19.5500438046333 5.286714751583872 133 113 102 
115.5817344585003 19.307527770957343 6.475850805175881 133 110 96 
108.44319215730025 10.673591470969043 14.835965938108231 88 84 95 
91.06789185994919 8.060358550056584 30.43996389794536 179 189 204 
83.94572506256202 12.769432138724625 34.07857805123754 70 66 70 
84.30366186301055 13.300706808190283 33.41406181527188 83 81 82 
89.69145338107664 15.26291348302976 29.73471548937499 101 100 98 
91.38325814690702 15.317693761150839 27.60352630981278 88 79 81 
91.64595301799116 13.3794700080183 27.585559437480256 221 217 221 
99.5761798122378 13.166298920347618 21.415290212311845 110 104 111 
91.12692942458489 15.52759152293524 28.57044197193585 95 94 92 
109.44835789078545 9.359482174628159 28.954092561323208 162 162 172 
106.9176405701746 14.541152701258596 15.041859475334078 234 229 226 
106.9806343437458 13.765822445009022 15.282529627341034 118 100 101 
102.20972571397311 5.120645981422875 22.923107401206238 210 208 221 
108.38117912204078 9.911838537137442 15.133728172562414 86 84 95 
108.30337995566221 9.92843343856034 15.058856391232595 110 108 119 
107.20928788559928 14.914822501390674 16.46807498134916 212 199 205 
104.69561230738395 18.417836564800602 15.875176268048918 83 66 74 
109.14181347767995 9.97555594985378 14.747788189060401 92 88 102 
112.9591771427923 11.390705639745793 10.845576669858957 172 173 177 
111.99032043287494 11.619046353065102 11.613801191217334 76 75 80 
109.05671789695933 8.923485584338367 15.442543368574988 219 219 226 
112.6726550806617 11.953783332081523 10.845995748820002 139 138 143 
114.76901610143396 21.531712580775196 19.55253046930771 222 223 230 
105.92987870973123 15.943585578938277 15.277727954253038 120 109 111 
109.27496078478885 10.627085625981131 14.02419133779226 117 117 125 
112.41701311049181 16.59201054126238 10.213435770422706 116 115 111 
112.74052007984443 16.703763013598 10.119300514956706 116 115 111 
110.16067149054817 20.237169847383782 10.701214301524658 78 68 68 
120.50371483946819 22.38873783473496 2.9664357301888487 150 152 164 
107.43358798926182 15.945129933742018 27.678830890629783 140 123 116 
107.74592325002723 14.050605012894525 28.033056216556687 109 92 87 
107.71793898717851 14.166026356581698 27.968783607217674 133 115 111 
115.32095697374938 18.308001813069875 2.4956884514562887 153 138 125 
113.17836249462252 11.586576998344137 10.634315743833355 170 171 175 
114.68352092336073 21.450793934003553 19.552335236897918 211 211 219 
114.68352092336073 21.450793934003553 19.552335236897918 211 211 219 
113.36634137761459 21.608248824881397 20.046926887064984 152 152 162 
112.86165763630503 11.597627767508715 11.012634023134154 162 163 166 
107.53737559627513 15.145115764331296 27.94554740532199 112 97 93 
113.39562054304021 21.74527447232347 20.952804508654424 161 161 171 
113.5771508701549 21.731802508494578 20.399282264442917 34 33 49 
115.66876162873018 21.404837869390303 19.71690362040394 72 72 77 
116.14719625984083 21.817323204782138 20.270324765442822 77 77 87 
115.3985630395567 21.710147412987652 19.66810471484331 222 222 232 
115.99930063739487 22.042426342147298 20.40771626322592 144 144 154 
116.3737726586333 21.367058008100276 20.83299753433859 236 236 240 
116.07466498019657 21.489663055887068 20.852399923744613 217 217 221 
116.12757610755884 17.799101157598443 6.102413191331863 139 119 108 
115.54742335268847 21.803102747185232 19.615905860199106 221 221 229 
115.42821766635087 21.783195527931777 19.71701090089232 221 221 229 
114.6861240776019 21.178834821032527 19.36621272210192 209 209 216 
114.56453578854813 21.54158836513742 19.606153360502944 217 217 224 
114.51062076006491 21.533452390555286 19.644927173779664 217 217 224 
115.22264518280511 18.317531662010712 7.684049348333403 126 105 102 
113.10067273496057 17.07405738701066 9.914495084928376 101 91 94 
101.93933539451618 7.422856617163543 21.504951759922832 70 69 83 
110.34401542533591 10.765832099180534 13.111755094760909 96 96 98 
84.7009026104079 13.183024394649097 33.03312784099944 149 147 148 
105.4627016310719 18.604019489770074 15.036268076734572 119 106 101 
90.5584389497962 2.3813203092884065 32.16722751095696 173 171 177 
84.52152033479558 12.836900933642532 33.175754236312414 190 188 188 
85.00231815985134 12.645435628569997 32.93165287931883 164 163 161 
106.95799858698152 14.983190355075767 16.571762374403306 208 204 207 
91.67322385362006 13.379477381801037 27.574927719580273 221 218 221 
110.11853851997115 10.735181502346308 13.336492173921897 156 155 163 
92.55012638179339 10.79177058244641 27.641834953375792 210 205 210 
93.65795709890355 7.73254194012018 27.676780156457383 217 212 218 
92.70497475109894 11.65028874718957 27.368595474630453 88 86 89 
94.26208934261007 3.9232234355372797 28.869496228830457 97 95 100 
99.44189905815134 14.005749288762377 21.74026339805198 83 70 81 
100.13018309121409 9.960358933082013 22.228684407199495 90 76 93 
101.96706028747775 6.262876774316831 22.1154405843139 105 98 117 
111.89973721644989 20.75199679781541 9.488542282635294 76 71 75 
98.66429554948085 15.198738817431774 21.340816703064263 215 213 218 
98.98752726865649 15.291117369479792 21.191608603241775 215 213 218 
106.92698634800269 16.966039943600183 27.51935330424041 144 129 122 
99.1508775940383 14.761311690152809 21.328832469591006 102 97 103 
99.18653257386264 13.615068551363766 21.523731942163124 99 93 100 
109.15551884750951 9.21082997464668 28.23519816904532 143 132 140 
109.12961571648731 10.243820784109827 28.39019257797473 100 87 95 
112.89377737601873 11.35241245784519 10.867575381547724 170 170 171 
108.07046131806064 14.568436103183263 28.698472158315056 199 201 198 
111.3860330311407 11.098897504697984 12.16337781965403 152 151 159 
107.2729746197503 17.111011172515273 28.245269583573133 229 219 223 
111.81280992119764 11.090699377714476 11.62209944483179 161 161 165 
108.14313063817849 14.138328074421683 28.326455289851722 229 215 215 
109.55918608430851 9.73319078848258 28.19264087914584 97 87 95 
110.72278206131682 11.567162941157633 12.670329105943068 135 134 140 
109.73200929868113 9.82265176458803 14.024757473612794 110 112 125 
112.46920734635879 10.500051830942974 11.520058047830275 130 130 142 
108.97765736166338 11.101033457591285 28.836452126786583 138 139 148 
109.77849714612745 11.554308833439347 28.733740122994647 92 90 101 
106.93757171410311 16.410568027718337 28.41928602591983 163 149 148 
108.91760166969887 11.598586254866603 28.40768009214146 83 72 78 
117.1579698815744 15.39936245387074 5.450434014932796 191 177 168 
107.5229288822682 15.264222950954512 27.785340686932827 154 136 131 
112.3241527515311 11.863384026563331 11.260072373117907 129 128 133 
108.81693015180059 8.979065730904894 15.635767945362119 209 207 218 
115.61066712756278 21.704236553446794 19.593004559218727 223 223 232 
108.84621359045683 11.684471424229384 27.922594099313784 106 90 91 
107.81798862336029 13.630263699391787 27.706963347693772 120 108 98 
108.43761603106563 15.023907843712568 28.291788866529345 166 167 162 
115.36890974152459 19.37705584577619 7.061753712860423 115 95 84 
110.21582666669308 11.584082071874498 12.931248434214453 150 150 152 
84.56244598020555 8.818830629020885 35.243046167851006 127 115 118 
115.10594477853296 18.842939871579215 7.502483277585654 119 96 82 
86.72950046686984 14.423963374663028 31.883423680524288 110 109 105 
105.70458036163683 17.62644351709167 15.330173229183913 86 70 71 
94.66127976884695 3.7729344168714145 28.72931081558845 85 81 88 
85.96099384121824 9.184008500021148 33.118397735800045 137 135 138 
86.31678480165795 1.6537128917429542 35.51238060251846 149 143 145 
87.20567788938612 3.520094750498758 34.37959143302095 74 69 78 
85.55107277492297 2.2943588358537146 36.09200498973128 145 140 143 
95.09896492205073 1.7321583879057507 28.87068154131852 120 120 123 
94.03300887356446 6.921358041376216 27.45706121504061 83 81 92 
85.5407344434376 9.607006625811215 33.25540658478306 156 154 157 
85.97593852754855 9.498571586089403 33.05952356566432 128 127 129 
92.81586196431604 10.421069863588661 27.70790551388008 94 83 91 
99.30821058343102 14.079471348525598 22.5992000145946 132 123 134 
109.28857997480381 11.571453836494516 13.742133463017652 131 130 135 
93.56786646785662 7.703296179167907 27.72457436187736 218 213 219 
108.68237400904154 11.78864191632181 27.840278481438773 144 130 128 
94.50226642575622 6.831960047248318 27.10932494470144 126 124 135 
94.31357543813925 6.747246171993714 27.21795002798605 126 124 135 
107.09020779398129 15.055309414186045 27.562252489008827 149 136 135 
102.62590695123154 9.550285161450148 19.679869356858802 134 131 136 
94.85505363309672 1.808463876388036 29.16754236791104 235 235 237 
94.5198624226554 6.962413071227331 26.918722138517225 73 71 83 
110.49319386427388 10.88152413553313 12.863158631627414 141 140 148 
109.17667205960129 9.023453946938622 29.531245804433354 78 80 93 
102.41846056709282 8.202035159271285 20.33049158845496 70 69 85 
107.34671218138027 16.920676936680216 28.179460399943963 72 62 67 
115.82418219105016 22.316038670400243 21.610238793411256 205 205 215 
102.76691691408774 4.242067416715882 21.941647035302523 103 99 116 
116.063369788087 22.187309830469683 20.502803586709746 53 53 63 
116.13541899689048 21.840314827177284 20.776137074126865 65 65 75 
116.05122127307828 22.415505343844504 21.728858905757292 31 31 41 
110.79881713700837 10.492764424008609 12.838041260170058 106 105 113 
110.17026311302281 14.354447958086318 28.74923657529247 136 116 109 
115.95488609876054 21.782266834676715 21.567344711078647 199 199 207 
109.57266161558536 10.933884827850918 13.66529740694935 99 98 106 
115.95715209911185 22.26738870570022 21.232933259060786 220 220 229 
115.9475401032202 21.809259058051406 21.84386375178235 43 43 52 
110.37115652002541 12.726119172472103 28.528033889053233 133 112 109 
116.00173265584777 21.993274601436685 21.36398445239675 175 175 185 
116.20691800067618 18.10715185212007 4.663746877866345 137 117 110 
110.86981626488979 18.015899262018433 28.99573718185289 73 72 77 
115.8493998199724 22.06552123824149 21.750148916645855 206 206 216 
115.99990000664647 22.400158384139708 21.245056136246546 202 202 212 
115.87214976391678 21.930920149572263 21.758223948369945 188 188 198 
116.15029181534625 22.017471424918565 20.996662007511418 125 125 135 
116.15029181534625 22.017471424918565 20.996662007511418 125 125 135 
115.97247239949054 21.334817668069082 21.607649585938375 70 68 79 
115.91853273777319 21.795388887572496 22.05641944364399 111 112 118 
115.80547917007216 21.769213530122034 22.149635992542912 111 112 118 
115.9620053678681 20.864694018657662 22.592260504212547 76 77 82 
70.96714610596761 5.77448401776401 47.569821541478134 66 73 71 
90.73757703074355 2.465272816217474 32.06200307586734 175 173 178 
85.86890171483948 8.86515868440993 33.26922252769188 104 102 107 
84.5230725618907 12.23775565943371 33.279610664566846 183 182 180 
93.55659619978037 8.184355817514446 27.868452871912837 100 95 101 
92.76485073470676 11.38065896742981 27.182947779708968 113 110 112 
94.83022634086663 3.874015602591172 28.637024069469604 93 91 96 
84.76960709279021 13.052625612539167 33.216296719453055 73 71 72 
109.94826341673382 10.270770199165334 13.55210264502 103 103 114 
88.43022614411989 13.623519142773041 30.44126324131402 189 187 188 
93.92209165531209 7.072616426605176 27.640846684037697 92 90 101 
108.1009954794602 16.43528894431695 28.39196564628267 104 103 108 
92.13042554264662 13.14686073004033 27.641992585854766 91 89 92 
91.77113505612115 13.053385550286276 27.832059821126734 91 89 92 
108.6581441414598 14.018666392938556 28.51387288770721 135 112 110 
109.30062098338215 9.561076505770037 28.909088977950432 86 83 92 
110.44670947841263 12.80641140237942 28.969078546204443 116 95 90 
109.50737915547995 9.352024154328621 29.10108586055223 85 87 100 
98.0554349318856 4.691933835618645 25.62256975669412 177 171 174 
106.88592010826726 15.859418280080323 27.372763884252905 115 105 104 
107.1162450432651 16.510493258697217 27.754475926168553 153 136 128 
111.4689380908451 14.107064081893967 11.526380839892056 119 102 95 
110.53862051193148 11.352555209085956 28.72526154794241 94 97 112 
95.04049216151705 6.957021676222679 26.56132451677945 147 145 151 
90.07991136057686 5.576425277785248 31.074953001496226 111 110 118 
88.26527425379301 10.357509884046294 31.19513244953339 153 152 148 
102.19505878859411 8.885440095399508 20.292754251750836 95 95 108 
99.97480875629566 11.003502386472473 21.80490048052293 88 76 87 
111.1460989737227 11.132038528929698 29.3228076481317 113 115 127 
107.28633474229275 14.903813911533419 28.82010522058394 103 97 98 
110.01770127727212 10.973684870494788 13.063969633299223 72 71 79 
100.38431497946924 10.63081354036915 22.744847699919248 153 145 151 
112.2633321871115 12.870770317015193 29.284431378640207 168 152 139 
111.71638944292532 12.507639156374106 29.095143706215254 104 89 89 
110.61007541468172 14.711077768643955 28.673998939606207 145 128 119 
115.97218968875578 22.223457882138835 20.71818945128986 100 100 112 
110.67464481022137 11.890887455695882 28.924090484101015 95 94 99 
110.61185998670858 11.408898724877002 28.67027781538964 94 97 112 
105.53502436846126 6.920027410482179 18.966016400098056 124 118 122 
103.31522963312484 8.957284709882474 19.207767056381996 88 86 96 
109.66813747546462 8.777698988745463 28.005787672644956 167 162 163 
116.03690087136596 21.79070390566191 20.7930402300549 75 75 85 
116.36081191611774 17.58273621344024 4.935199313791074 152 135 125 
115.98809601644706 22.34328493476251 21.162948256090885 210 210 219 
115.4418785212217 19.692614526947093 6.683762872655976 157 137 126 
112.03799876276312 11.775757156257555 29.476190040345713 87 90 104 
112.03799876276312 11.775757156257555 29.476190040345713 87 90 104 
112.82337131709829 18.013829108008064 29.537840553474226 88 92 95 
114.73450553253612 22.27888034868718 26.13361376617881 44 45 50 
111.83321214466811 18.23171306842626 29.200224934121607 106 107 111 
110.17328192317893 17.04663341521194 11.753110301376523 114 113 118 
114.86879908779953 21.597390868101446 25.94431602866443 214 214 222 
114.78109148100509 22.087574367475405 25.710311413737216 228 229 235 
112.60656823315632 12.252846769704789 29.693073251343662 177 178 182 
113.21763239531249 16.69218904865818 29.875197917088812 182 184 182 
108.26201895157973 14.420822774412533 28.262218133845906 71 68 67 
113.39352806234122 16.246176952408643 29.858973947116283 186 187 191 
112.91802329412408 13.096892237620427 29.432016100113785 166 155 149 
112.63675475205417 13.00077790250024 29.39667901348996 175 163 155 
112.88538164263016 18.309056528792773 29.43950192920245 147 150 154 
113.92339787596671 13.425801973526262 29.61927009487657 171 156 153 
111.41468940175423 12.56746203300304 29.35760820049073 176 157 153 
114.82167862030681 21.97324331642425 25.90329372122565 68 68 76 
114.19350263182424 13.005470303810501 29.875465118611416 111 110 112 
114.9300287669133 21.84254739596193 25.727961449932707 176 177 183 
114.8326894424724 21.822228317532872 25.8192908105422 176 177 183 
112.98139687915966 13.312222364595597 29.20431516152317 144 128 118 
115.73691198336644 21.41784117741401 19.998462264888275 207 207 215 
116.66833506856702 12.969611284055247 8.095546296136419 142 129 123 
114.27116195227956 15.750583117287679 29.49064602416705 144 125 114 
112.82270095968718 16.838490748260252 9.935674091145728 71 69 69 
114.28731973289382 21.31078090609212 24.75960118200088 88 87 94 
94.90775391859823 5.686064437993005 27.643442181686183 77 76 84 
92.67353081684448 11.13832729917158 27.771927564281782 91 89 94 
71.95938538849325 4.756664251608536 48.27048399499709 97 98 85 
71.02121109011198 4.061901562883188 47.64315525357553 111 120 103 
111.39389006228926 14.921461105889193 28.98368744378233 136 123 120 
95.68157657799145 1.4912573020085023 28.419644668627754 141 139 149 
87.06077587909091 3.0816222391346293 34.695750140468306 227 219 228 
88.44463130148895 5.083300501549704 32.390315758533234 107 105 116 
85.45094091258753 7.720917417146305 34.83725036613042 121 120 126 
94.71524449625792 6.724332779494203 26.885541601594966 100 98 109 
91.75761782090389 12.711985019894588 27.733661685728364 93 91 94 
95.41229601188267 2.1792876790807862 28.311502024861966 125 123 134 
114.21245748392523 15.052878405163764 10.293285376563759 130 113 106 
109.43706427204569 8.73082974685816 28.68629974717865 79 81 94 
109.21405059559052 15.092132114986782 28.481748669335076 126 125 130 
110.54407355461869 17.84851558545396 29.364210775870802 78 77 82 
109.62740573886742 8.403433587200068 28.367073407577607 223 217 217 
109.49257957565538 8.149782031904003 28.312023577816063 155 149 149 
114.26398019830164 20.290368506462624 27.243379926221863 155 138 130 
113.02475364972409 19.95000307325803 26.40013535485069 41 41 44 
113.33303265628496 17.015178024649895 29.292755629567054 72 77 81 
115.04225328027397 19.191198943044995 29.077341321034552 176 175 173 
114.67625133286685 19.424424382269077 28.724188424450276 237 231 228 
114.7332214334524 18.70312373272112 29.080554835598036 234 234 232 
114.33127171401588 18.99523349079874 28.893355938576406 120 118 121 
114.95719498484375 22.033670325997424 28.03600556584024 241 233 228 
114.89340044758802 17.96269791105286 29.149060956750844 227 227 228 
112.94114521501267 18.06574458260308 29.409186987959615 104 103 108 
114.86051279831304 22.33046907808297 26.34405172564547 75 69 73 
115.37649113041098 19.546930411805164 28.823871595094076 173 168 167 
113.14441292030746 10.574620601057912 29.732987002936156 185 192 199 
113.12063703968592 10.56759463072995 29.756324149025687 185 192 199 
116.20058346675971 13.435125729021536 30.405291880089507 185 185 188 
114.57594376281276 21.733007174967916 26.620080550172062 152 150 159 
114.698353320726 20.76682219278578 29.274174381400513 104 86 87 
114.40901926213456 20.534892533185637 29.5803598515879 115 101 101 
115.4845987965956 18.236457849496787 29.168690066073893 162 161 159 
111.0684710721261 13.887401400781114 28.660612513776343 173 153 143 
114.67869305743298 22.094967824731892 28.035289188703544 178 177 169 
114.91865227491161 17.787674397654666 29.898510485185625 86 84 85 
114.55321872056727 19.639289097021067 28.874800848269743 108 100 94 
115.85977794604463 20.79094794869365 22.54982223693912 81 81 85 
115.82888463625302 22.119548926162537 21.58036891209433 68 68 78 
117.7707334430148 22.25155181329963 5.262852060789939 155 155 157 
78.89000872011856 7.576347392590822 39.90651631248288 90 95 94 
109.39094326190423 8.35231007888089 15.793140032993776 114 101 119 
68.0363852371918 1.944139724872696 48.61811279602941 107 109 96 
111.62703105281419 10.666826417457223 12.518666834464682 80 80 89 
109.58979319683934 17.206367840381976 11.900889204946694 85 85 87 
94.28955701149744 4.713619874321907 28.462591365127793 140 139 143 
93.82931719070497 6.399360715975133 27.711177989035846 87 85 96 
84.82248351229262 5.135999189148 36.03404631206527 145 141 142 
97.50215599698546 4.336392379303762 26.105936471449738 141 135 137 
112.14905414605502 12.321685830549175 29.592852690177338 98 88 99 
95.03756652935856 5.95332316468178 26.88892075104698 140 142 155 
111.9124934649331 13.057505021149522 29.321761083611506 167 149 137 
98.71426585215005 13.225255849522577 22.979664448553038 120 104 108 
98.68617648931905 12.618585249453332 23.463049820543787 220 212 210 
102.97198112801965 4.1159312677043225 21.8427731645218 211 207 224 
111.59527287926159 19.32308877040401 29.184233071473813 162 148 140 
109.13226168700504 12.813704406336374 32.34983492967926 161 140 129 
107.52180125634423 15.57500124407401 29.74576905865399 123 123 131 
115.19381078260591 16.042771692585625 29.685909679758566 151 134 122 
115.3875552263151 13.817696993989625 30.020894731216558 171 153 146 
115.80870062930006 19.100842001430316 28.96217535894847 232 231 229 
115.66767184677187 14.450115120131315 28.652886446861345 171 151 141 
115.0466905145756 13.988393488502851 31.27485342193839 178 151 142 
114.15378829254061 21.103884277906072 26.988021430128697 50 49 60 
115.56583555999663 19.58923051487499 29.237377508750512 233 232 230 
118.50814642899533 14.798133149816804 30.158643225117316 170 153 145 
115.52547905222681 22.33771206884334 28.254029679014877 242 239 232 
115.46713623652823 22.33466636885731 28.314305531150737 242 239 232 
115.82446768890864 21.03694443811965 30.02459931857966 123 109 101 
116.74186540241307 21.033711634555576 29.850061697483085 164 152 140 
115.77131098723437 19.449063527656893 29.94090223126061 111 112 107 
116.27125164352532 19.9145680394572 29.661291891552736 221 216 215 
116.27125164352532 19.9145680394572 29.661291891552736 221 216 215 
117.05891376169136 17.005877652165125 29.71497396304963 243 238 236 
114.95619564021248 17.97883933617918 29.0798572254712 228 228 227 
116.84970039924595 11.829315015423898 30.312234154999288 192 193 201 
117.87096614493727 16.079819050564062 29.83928664303069 172 153 147 
116.96972615296366 17.176368724129325 29.99820717880283 86 77 78 
116.7976526085719 22.9101085844804 27.01418113414971 87 83 76 
117.08483686979942 17.884493470982548 29.96804854885258 167 154 134 
115.6970988117307 19.691843811969658 29.735704398189938 93 85 86 
115.95426723275645 18.72081984815208 29.34210614024967 235 234 232 
117.52568175352029 19.748657910206465 30.198760060762737 197 188 178 
118.13042997474534 17.98994331072002 30.20960747644955 209 199 197 
116.7529390950361 15.316110256725878 30.18814776689699 80 63 61 
118.27797379428152 16.557122191465865 29.739396564403307 154 133 122 
116.33954754432055 19.454479898733158 29.91067955830532 61 54 53 
116.33954754432055 19.454479898733158 29.91067955830532 61 54 53 
118.63634728870593 16.04466536997996 30.332723587982528 116 103 93 
117.08261360509816 13.789875862106118 30.42582569181802 204 203 207 
117.19777092732859 20.23282910566139 29.820990482884767 170 151 138 
117.63433942934047 17.982822556028847 30.024349350981126 137 124 105 
116.31357191304303 21.96881207359102 29.44370923749966 178 160 148 
116.37765518172168 19.990779260103242 29.87519692498887 114 100 91 
115.45665915069277 19.75152736827549 30.119925846873358 200 193 193 
116.36618564750354 21.525157082025178 29.5222433883945 179 162 149 
117.34057547256698 20.293343976450725 30.1080118434665 124 111 104 
118.25567823201914 17.178268526849784 30.35124612571478 129 119 114 
116.64591173634545 22.298213437898493 29.67152885463905 178 165 155 
116.32427796649841 21.42743613713101 29.689131400304902 143 126 116 
